6.164995936060687853e+01
8.186579969294680836e+01
8.753499503296306727e+01
9.006818387067642107e+01
9.163280050573466440e+01
9.285198229928654712e+01
9.376185315632619677e+01
9.439402149372347139e+01
9.491330262801409390e+01
9.534001625575724859e+01
9.577576085974894227e+01
9.614377314187663615e+01
9.644856859026461393e+01
9.671046690147204572e+01
9.695430326018242795e+01
9.715975796983653368e+01
9.728167614919172479e+01
9.748938860290797948e+01
9.769710105662421995e+01
9.783256570035220534e+01
9.804253589813059477e+01
9.817348505373431067e+01
9.833152713808362932e+01
9.841732141244467869e+01
9.848505373430867849e+01
9.859342544929107532e+01
9.867244649146572044e+01
9.878307595051025203e+01
9.883274631987717385e+01
9.901336584484782577e+01
9.909916011920888934e+01
9.919398536981847769e+01
9.926623317980673278e+01
9.923462476293687473e+01
9.927526415605527177e+01
9.934299647791925736e+01
9.942427526415605143e+01
9.944007947259098046e+01
9.941298654384539191e+01
9.946943014539871797e+01
9.948297660977151224e+01
9.951684277070351925e+01
9.946943014539871797e+01
9.949652307414432073e+01
9.946491465727444847e+01
9.953490472320058302e+01
9.953942021132483831e+01
9.954393569944910780e+01
9.946491465727444847e+01
9.954393569944910780e+01
9.954845118757337730e+01
9.961166802131310760e+01
9.954845118757337730e+01
9.960489478912670336e+01
9.955973990788403682e+01
9.971552424817122073e+01
9.961618350943737710e+01
9.966133839068002942e+01
9.962069899756163238e+01
9.968165808723922794e+01
9.965456515849363939e+01
9.960489478912670336e+01
9.959360606881604383e+01
9.975616364128961777e+01
9.969068906348776693e+01
9.970423552786056121e+01
9.967940034317709319e+01
9.972455522441975972e+01
9.969520455161202221e+01
9.973810168879255400e+01
9.967036936692856841e+01
9.964101869412083090e+01
9.977422559378668154e+01
9.977648333784881629e+01
9.972003973629549023e+01
9.969068906348776693e+01
9.966585387880429892e+01
9.972681296848189447e+01
9.977196784972456101e+01
9.967262711099070316e+01
9.973810168879255400e+01
9.977196784972456101e+01
9.965908064661789467e+01
9.976971010566242626e+01
9.975616364128961777e+01
9.980131852253228431e+01
9.972229748035762498e+01
9.973584394473041925e+01
9.968391583130136269e+01
9.978325657003522053e+01
9.971778199223335548e+01
9.976971010566242626e+01
9.978777205815949003e+01
9.976293687347602201e+01
9.978099882597308579e+01
9.975842138535175252e+01
9.964327643818296565e+01
9.983292693940214235e+01
9.979454529034588006e+01
9.979906077847014956e+01
9.971326650410910020e+01
9.974035943285468875e+01
9.971552424817122073e+01
9.978551431409735528e+01
9.976971010566242626e+01
9.979228754628375953e+01
9.969972003973629171e+01
9.978777205815949003e+01
9.979002980222162478e+01
9.978099882597308579e+01
9.983518468346427710e+01
9.974713266504109299e+01
9.964101869412083090e+01
9.978551431409735528e+01
9.978325657003522053e+01
9.978325657003522053e+01
9.974939040910322774e+01
9.980357626659441905e+01
9.972229748035762498e+01
9.976519461753815676e+01
9.983292693940214235e+01
9.975842138535175252e+01
9.972681296848189447e+01
9.976293687347602201e+01
9.986905084439628411e+01
9.970197778379842646e+01
9.977874108191095104e+01
9.986453535627201461e+01
9.974713266504109299e+01
9.986905084439628411e+01
9.982615370721575232e+01
9.978777205815949003e+01
9.970649327192269595e+01
9.987808182064480889e+01
9.970197778379842646e+01
9.982841145127788707e+01
9.971326650410910020e+01
9.984195791565068134e+01
9.986001986814774511e+01
9.982615370721575232e+01
9.973584394473041925e+01
9.974261717691682350e+01
9.982615370721575232e+01
9.981712273096721333e+01
9.977422559378668154e+01
9.976745236160029151e+01
9.980583401065655380e+01
9.986227761220987986e+01
9.981938047502934808e+01
9.973132845660616397e+01
9.977874108191095104e+01
9.972003973629549023e+01
9.982841145127788707e+01
9.985098889189922033e+01
9.980809175471868855e+01
9.983066919534002182e+01
9.973358620066829872e+01
9.982841145127788707e+01
9.984421565971281609e+01
9.980809175471868855e+01
9.971778199223335548e+01
9.980583401065655380e+01
9.988711279689334788e+01
9.981938047502934808e+01
9.983970017158854660e+01
9.990743249345254640e+01
9.992097895782534067e+01
9.966585387880429892e+01
9.982841145127788707e+01
9.986679310033414936e+01
9.972681296848189447e+01
9.979906077847014956e+01
9.986001986814774511e+01
9.971778199223335548e+01
9.989840151720400740e+01
9.983744242752641185e+01
9.990969023751468114e+01
9.961618350943737710e+01
9.987130858845841885e+01
9.984195791565068134e+01
9.981486498690507858e+01
9.985776212408561037e+01
9.966811162286643366e+01
9.979228754628375953e+01
9.988937054095548262e+01
9.972907071254402922e+01
9.980131852253228431e+01
9.988937054095548262e+01
9.986227761220987986e+01
9.982389596315361757e+01
9.974939040910322774e+01
9.977196784972456101e+01
9.986227761220987986e+01
9.985550438002347562e+01
9.977422559378668154e+01
9.980357626659441905e+01
9.987130858845841885e+01
9.974035943285468875e+01
9.983518468346427710e+01
9.981938047502934808e+01
