9.928834138810634613e+01
5.880216756463050842e+01
4.243785143643617630e+01
3.499522738531231880e+01
2.992169508337974548e+01
2.624446215480566025e+01
2.342248989082872868e+01
2.118736970238387585e+01
1.936299813166260719e+01
1.767655575554817915e+01
1.620400764886289835e+01
1.495840264065191150e+01
1.378816143050789833e+01
1.286187305301427841e+01
1.192275722231715918e+01
1.110989582445472479e+01
1.047826848668046296e+01
9.789034319575875998e+00
9.013932798057794571e+00
8.474916250212118030e+00
7.821172116906382143e+00
7.281356533174403012e+00
6.780077635543420911e+00
6.372433880693279207e+00
6.047130579245276749e+00
5.722160538192838430e+00
5.370273913315031677e+00
5.019412649155128747e+00
4.811482987774070352e+00
4.274917356291553006e+00
3.850083732802886516e+00
3.571845912811113521e+00
3.346502593587501906e+00
3.356017997226445004e+00
3.186340728905634023e+00
2.899810935166897252e+00
2.725119712224113755e+00
2.610261957190232351e+00
2.609556097580934875e+00
2.423592997045489028e+00
2.366721372512984090e+00
2.244238159848464420e+00
2.371730963401205372e+00
2.203910069903940894e+00
2.221770858566742390e+00
2.067833914825314423e+00
2.011883326973475050e+00
2.052061463400605135e+00
2.207787934572479571e+00
1.906707664493296761e+00
1.898287440148124006e+00
1.735008669066701259e+00
1.850034477532972232e+00
1.673041690553873195e+00
1.698105325552660361e+00
1.328874864722365601e+00
1.487167315727674577e+00
1.427901067602761032e+00
1.619161698572497698e+00
1.359120032389000698e+00
1.401156564078519295e+00
1.602759902306843287e+00
1.606823025964331464e+00
1.163484300861910015e+00
1.330277640779058856e+00
1.250923481455743058e+00
1.323007086657980835e+00
1.165756980541914345e+00
1.313426362702898587e+00
1.137849760067240368e+00
1.297809202426265074e+00
1.346391033878148846e+00
1.018403070504859897e+00
9.528575278879998223e-01
1.140758682550426784e+00
1.217860046407395203e+00
1.290215679651183223e+00
1.142383832877385430e+00
9.659146757218763923e-01
1.244945543151658285e+00
1.068936128612264724e+00
9.774667903149065751e-01
1.284662562999756119e+00
9.635650863034612712e-01
1.037060821247081321e+00
8.697057076705618783e-01
1.076586220110641534e+00
1.054969133206668630e+00
1.237489518932193278e+00
8.608566835004083373e-01
1.107818070517588183e+00
8.999148675568306999e-01
8.678398910596634153e-01
9.822594899857861606e-01
8.654046236584136409e-01
9.320032380976499553e-01
1.268284542367467793e+00
7.012585584057546839e-01
8.439124552292582848e-01
8.196303964065769776e-01
1.095214715272373240e+00
1.006685006323507992e+00
1.090962760120426367e+00
8.343492194835562259e-01
8.948935825839541280e-01
8.059773428799665851e-01
1.107512072838957806e+00
8.343029583365817459e-01
8.182424057879273960e-01
8.771798427068961956e-01
6.853543962461365879e-01
9.734380492696104170e-01
1.312708918975446615e+00
7.800913725008271626e-01
7.895235170731060848e-01
8.932965589429904263e-01
9.266240874867577304e-01
7.436296114687666048e-01
9.902742095283807444e-01
9.323751891954272786e-01
6.705427993713524160e-01
8.810351302745313973e-01
9.571591926271381112e-01
8.770808325335823774e-01
5.261519043367499648e-01
1.133229403784257849e+00
8.140643361738097994e-01
6.148961519900315587e-01
9.562893548877973160e-01
5.709844053212211890e-01
7.114653866265587823e-01
8.167399835592228374e-01
1.065904429515477148e+00
5.203034761501377226e-01
1.118635619165963213e+00
6.808845066765814025e-01
9.897109244680477591e-01
6.562368887145033636e-01
5.806161920409460553e-01
6.911936437798007482e-01
1.035368982313455311e+00
9.616942386595450643e-01
7.050223203023830987e-01
6.991131405521417985e-01
8.465294416059443439e-01
9.182288989734568307e-01
7.306517488017179041e-01
5.913886266401409131e-01
6.966947153844027518e-01
9.922572248321143151e-01
8.266907390379774068e-01
1.074367352012134402e+00
6.660357801487950535e-01
6.283718599161735030e-01
7.311112368182646204e-01
6.694103618996116722e-01
9.426882060170598265e-01
6.555771818604657630e-01
6.244097187245116753e-01
7.406555216563532884e-01
1.002084781794690738e+00
7.293364076354553749e-01
4.797571621187883828e-01
7.302540335285314654e-01
6.161513185281140004e-01
4.107872225018644463e-01
3.454237034573447440e-01
1.250076112128261308e+00
6.940648359464693939e-01
5.284864947919160061e-01
1.039506461776139368e+00
7.709435591354792949e-01
5.739783946042313900e-01
9.987671693954278673e-01
4.307245536409742837e-01
6.588116678165705231e-01
4.024517188913725452e-01
1.371515318487461554e+00
5.174278519032837753e-01
6.475686168482329697e-01
7.073520753218798252e-01
6.038286287016965126e-01
1.179997887968529335e+00
7.635017568576286662e-01
4.749253572832409787e-01
1.037945810148996673e+00
7.682551423124002188e-01
4.551173117372593335e-01
5.720598705799478934e-01
7.000788253898478919e-01
9.477659032205368872e-01
8.878294183765901293e-01
5.611309436534109851e-01
5.851997911081419090e-01
8.691021295395695567e-01
7.364484570653125894e-01
5.249450491677716268e-01
9.691248770933353907e-01
6.796573202749044418e-01
6.832313499395920031e-01
