1.629552745801094460e+01
3.762502358935648061e+01
5.044819777316475040e+01
5.839309303642196625e+01
6.407341007737308303e+01
6.837139082845820326e+01
7.184846197395735601e+01
7.480184940554821083e+01
7.735421777693905199e+01
7.943479901868276727e+01
8.117097565578410467e+01
8.284581996603132836e+01
8.435553878090205160e+01
8.581807888280808072e+01
8.680411398377052024e+01
8.765333081713531271e+01
8.826193621438007142e+01
8.904982072089073597e+01
8.964899037554255301e+01
9.028590300056615092e+01
9.087563691262502630e+01
9.149367805246272667e+01
9.180505755802981582e+01
9.220135874693337996e+01
9.270145310435931663e+01
9.306001132289111411e+01
9.347518399698056157e+01
9.386204944329118405e+01
9.420173617663709820e+01
9.467352330628420987e+01
9.504623513870541274e+01
9.528212870352896857e+01
9.551802226835252441e+01
9.594734855633137727e+01
9.627759954708434975e+01
9.639554632949612767e+01
9.659369692394791684e+01
9.669277222117381143e+01
9.684846197395735601e+01
9.682959048877147268e+01
9.697112662766559765e+01
9.712209850915266429e+01
9.718343083600679222e+01
9.724004529156444221e+01
9.732496697490093140e+01
9.737214568786563973e+01
9.748065672768446177e+01
9.765050009435742595e+01
9.766465370824684555e+01
9.765050009435742595e+01
9.789111153047744551e+01
9.796187959992451511e+01
9.807039063974335136e+01
9.799962257029628176e+01
9.813644083789394301e+01
9.811756935270805968e+01
9.815531232307982634e+01
9.818833742215512927e+01
9.816003019437630428e+01
9.815531232307982634e+01
9.828741271938100965e+01
9.830628420456689298e+01
9.821192677863747633e+01
9.835346291753161552e+01
9.842894885827514884e+01
9.830628420456689298e+01
9.836289866012455718e+01
9.846197395735043756e+01
9.843366672957161256e+01
9.848556331383279883e+01
9.854689564068692675e+01
9.854217776939044882e+01
9.833459143234573219e+01
9.858463861105869341e+01
9.855633138327986842e+01
9.857048499716927381e+01
9.848084544253632089e+01
9.857520286846575175e+01
9.866012455180222673e+01
9.873561049254576005e+01
9.878750707680694632e+01
9.868843177958105173e+01
9.881109643328929337e+01
9.881581430458577131e+01
9.883468578977165464e+01
9.885827514625401591e+01
9.890073598792224630e+01
9.890545385921872423e+01
9.883940366106813258e+01
9.879694281939988798e+01
9.887714663143989924e+01
9.889601811662578257e+01
9.886771088884695757e+01
9.890073598792224630e+01
9.884883940366107424e+01
9.897150405736931589e+01
9.899981128514814088e+01
9.898565767125872128e+01
9.902811851292696588e+01
9.904698999811284921e+01
9.899981128514814088e+01
9.873089262124929633e+01
9.885355727495753797e+01
9.899037554255519922e+01
9.906114361200226881e+01
9.908001509718815214e+01
9.901868277033402421e+01
9.903755425551990754e+01
9.910360445367049920e+01
9.904698999811284921e+01
9.911304019626344086e+01
9.911775806755991880e+01
9.910832232496697713e+01
9.904698999811284921e+01
9.902340064163050215e+01
9.915078316663520752e+01
9.915078316663520752e+01
9.916021890922814919e+01
9.908001509718815214e+01
9.912719381015286046e+01
9.917909039441404673e+01
9.916965465182110506e+01
9.917909039441404673e+01
9.917909039441404673e+01
9.918852613700698839e+01
9.911304019626344086e+01
9.876863559162106299e+01
9.916493678052462712e+01
9.920267975089639378e+01
9.919796187959993006e+01
9.920739762219287172e+01
9.921683336478581339e+01
9.913662955274580213e+01
9.921211549348933545e+01
9.918380826571051045e+01
9.921683336478581339e+01
9.891017173051518796e+01
9.909888658237403547e+01
9.919796187959993006e+01
9.923098697867521878e+01
9.923098697867521878e+01
9.919796187959993006e+01
9.923098697867521878e+01
9.895735044347989628e+01
9.919324400830345212e+01
9.922626910737875505e+01
9.913191168144932419e+01
9.922626910737875505e+01
9.922626910737875505e+01
9.922626910737875505e+01
9.908473296848461587e+01
9.907529722589167420e+01
9.923098697867521878e+01
9.924042272126816044e+01
9.924514059256463838e+01
9.924514059256463838e+01
9.924042272126816044e+01
9.921211549348933545e+01
9.923098697867521878e+01
9.918380826571051045e+01
9.911775806755991880e+01
9.903755425551990754e+01
9.920267975089639378e+01
9.922155123608227711e+01
9.923570484997169672e+01
9.924514059256463838e+01
9.920739762219287172e+01
9.919796187959993006e+01
9.910832232496697713e+01
9.913662955274580213e+01
9.922155123608227711e+01
9.924042272126816044e+01
9.924042272126816044e+01
9.924985846386110211e+01
9.918852613700698839e+01
9.922155123608227711e+01
9.923098697867521878e+01
9.924042272126816044e+01
9.916021890922814919e+01
9.920267975089639378e+01
9.924514059256463838e+01
9.924514059256463838e+01
9.925457633515758005e+01
9.919796187959993006e+01
9.924514059256463838e+01
9.926401207775052171e+01
9.926872994904698544e+01
9.926872994904698544e+01
9.910832232496697713e+01
9.922626910737875505e+01
9.904698999811284921e+01
9.924514059256463838e+01
9.922155123608227711e+01
9.923098697867521878e+01
9.925929420645404377e+01
9.927344782034346338e+01
9.923098697867521878e+01
9.927344782034346338e+01
9.924985846386110211e+01
9.924985846386110211e+01
