8.754147958010435104e+00
7.208424167707562447e+00
6.048484293743968010e+00
5.258667182177305222e+00
4.664795329794287682e+00
4.194100203923881054e+00
3.794947223737835884e+00
3.455037696287035942e+00
3.164407211355865002e+00
2.906939036212861538e+00
2.673631744924932718e+00
2.448696223087608814e+00
2.263270708266645670e+00
2.079089553561061621e+00
1.943950920365750790e+00
1.829550649505108595e+00
1.759196116589009762e+00
1.650251750368624926e+00
1.559301508823409677e+00
1.465003908146172762e+00
1.364516694564372301e+00
1.290089485468342900e+00
1.233380905352532864e+00
1.181568691972643137e+00
1.111017786199226975e+00
1.042738069314509630e+00
9.907009488670155406e-01
9.336136977653950453e-01
8.846793922130018473e-01
8.356974211055785418e-01
7.852331050089560449e-01
7.584439542843028903e-01
7.108549395925365388e-01
6.453341624292079359e-01
5.939121902047190815e-01
5.748238442611182109e-01
5.514812793990131468e-01
5.225561268016463146e-01
5.054757751349825412e-01
4.952634043002035469e-01
4.778982499992707744e-01
4.551163182622985914e-01
4.388407338556135073e-01
4.267613316187635064e-01
4.107798551412997767e-01
4.065833599379402585e-01
3.814256130353896879e-01
3.580439316720003262e-01
3.494271661329548806e-01
3.554865160986082628e-01
3.242439796340477187e-01
3.114461272780317813e-01
2.939464071314432658e-01
3.125066395223257132e-01
2.879907800797809614e-01
2.909339116031333106e-01
2.850033521426666994e-01
2.768526229756389512e-01
2.815466006086353445e-01
2.869099287108838325e-01
2.619183207407331793e-01
2.545495844669858343e-01
2.732155497315034154e-01
2.462315832872263854e-01
2.386735210816368635e-01
2.546654042007503449e-01
2.491512924680137075e-01
2.373384429429279407e-01
2.359769217055145418e-01
2.282616452503134497e-01
2.185798551518018940e-01
2.228918599230382824e-01
2.667114163123187609e-01
2.174684994524795911e-01
2.144099738425211399e-01
2.175427968345502450e-01
2.368722484297904884e-01
2.191584975271325675e-01
1.985267136533366283e-01
1.833342349473241484e-01
1.727114827801869978e-01
1.979078782517262880e-01
1.758331786927556095e-01
1.755124554306348728e-01
1.741702534864089102e-01
1.672584547368387575e-01
1.607305194468153786e-01
1.649243410647613928e-01
1.769138147710691555e-01
1.867854063648337615e-01
1.740334546766462154e-01
1.692621589832015161e-01
1.748232574306030074e-01
1.746998917788005201e-01
1.818486659844893438e-01
1.609623357630880491e-01
1.485705989719008357e-01
1.450053393307371152e-01
1.412332225291947907e-01
1.372707330576758977e-01
1.508920975868477399e-01
1.965165720891945966e-01
1.739445568075552728e-01
1.494913086564793048e-01
1.347533552323056938e-01
1.290555243811013497e-01
1.385546779019932728e-01
1.441512952766288436e-01
1.323793632865317704e-01
1.433060378426489478e-01
1.294585642438050854e-01
1.253651739937140519e-01
1.279961330679952880e-01
1.407646238293978058e-01
1.501101635883514973e-01
1.281246770228108289e-01
1.227318565452151233e-01
1.289876932613651661e-01
1.415197536105097242e-01
1.285350535404177208e-01
1.247501369385872749e-01
1.222660723452690945e-01
1.179264771117232158e-01
1.196951326293174134e-01
1.275737921438349076e-01
1.394252919983500760e-01
1.916047401039122633e-01
1.209081613866374028e-01
1.108812985304439280e-01
1.270177867423853968e-01
1.192835009397299473e-01
1.187775904802492732e-01
1.316889230234892239e-01
1.155401310900288081e-01
1.328805351776622956e-01
1.189598477596405246e-01
1.661505224305983575e-01
1.410638695007264687e-01
1.202258145359564878e-01
1.111002396337426035e-01
1.071467021538410336e-01
1.183152187434188818e-01
1.103773522472693003e-01
1.523059240380462143e-01
1.277899453772306515e-01
1.154274912429968936e-01
1.254439441917156728e-01
1.187223457540653726e-01
1.125616043922263998e-01
1.137623095067965551e-01
1.397614012888652724e-01
1.396719034594298137e-01
1.093866827221745552e-01
1.058443141501470564e-01
1.103050981503770345e-01
1.100165326438968805e-01
1.086166948604159188e-01
1.138780776052499277e-01
1.142931704961256401e-01
1.242076007656578440e-01
1.308929487409500325e-01
1.478124447519348905e-01
1.167254127161641009e-01
1.172333034234611659e-01
1.053841860265265495e-01
1.031343105495068357e-01
1.115695209373797070e-01
1.178823522154743841e-01
1.311529103621182912e-01
1.287562679999609827e-01
1.165443827867420623e-01
1.106436110752895274e-01
1.110203502092588224e-01
1.127173499277205337e-01
1.169904966993158268e-01
1.137247857681700225e-01
1.156404032228124379e-01
1.162246190180553640e-01
1.297646581047615655e-01
1.189590057729219552e-01
1.105654877050596951e-01
1.111245809626666414e-01
1.088397019242961505e-01
1.207420699845158651e-01
1.159818633116742603e-01
1.074058629663170450e-01
1.042021656868428181e-01
1.067806866849423386e-01
1.323086384549583272e-01
1.106482594393582986e-01
1.438648524168684162e-01
1.067028571392825143e-01
1.126890661504376112e-01
1.103971369451812734e-01
1.030625341282700447e-01
1.004117421795882592e-01
1.084675623028914515e-01
1.005027294672231619e-01
1.058656035939122830e-01
1.047233312534672223e-01
