8.723482612520456314e+00
7.014126917347311974e+00
4.628069152124226093e+00
3.547659171745181084e+00
3.019026693888008595e+00
2.642535418737679720e+00
2.361040029674768448e+00
2.121180915739387274e+00
1.934893377125263214e+00
1.747782075544819236e+00
1.578396728495135903e+00
1.422767240321263671e+00
1.309061481384560466e+00
1.229744882788509130e+00
1.158333177096210420e+00
1.109391324222087860e+00
1.023792287916876376e+00
9.236469746101647615e-01
8.894545006332919002e-01
8.150579449138604105e-01
7.760083267930895090e-01
7.384944877994712442e-01
6.374981795379426330e-01
6.084235594898927957e-01
5.984604600816965103e-01
5.726382148859556764e-01
5.546582814131397754e-01
4.980450003931764513e-01
4.688177885545883328e-01
4.461754058866063133e-01
4.265263969282386824e-01
4.234277825962635688e-01
4.022435469232732430e-01
3.680999817061092472e-01
3.744127862410095986e-01
3.473795759509812342e-01
3.409815147933841217e-01
2.948828615353704663e-01
2.846709060968350968e-01
2.938118237070739269e-01
2.623900302196489065e-01
2.676352855532968533e-01
2.341972881752099056e-01
2.437809513421598240e-01
2.418060313393652905e-01
2.434790555817016866e-01
2.367205192363144306e-01
1.976280038405775485e-01
2.021191917756368639e-01
2.133343017753759341e-01
2.348210830427888141e-01
1.812006848219880339e-01
1.601267308908518316e-01
1.694859613351127337e-01
1.705919782161799958e-01
1.390072871213305916e-01
1.733849724932952086e-01
1.713960537031198328e-01
1.528687915428008637e-01
1.382240971648229788e-01
1.527968147155434053e-01
1.273828054251424646e-01
1.942996833531651646e-01
1.740290292596000654e-01
1.655845948437217885e-01
1.170652507614704518e-01
9.970982783951853889e-02
1.009337704704762473e-01
9.004732441144369659e-02
1.056679314478401466e-01
1.528032078078922495e-01
8.953630726852646049e-02
1.288663355445081038e-01
8.065397550216246714e-02
7.991348692316790903e-02
1.252957973229769095e-01
1.070390341721250138e-01
1.422251497005504461e-01
1.037531424001372216e-01
9.329998636751213326e-02
1.113040714868702707e-01
1.028561779068155602e-01
1.049622989775151893e-01
1.036908172397090766e-01
1.057248371317172086e-01
6.924413774631199558e-02
7.258166119181375109e-02
1.146618700379349320e-01
1.008410207935081793e-01
9.387555613736964233e-02
7.993171267560938986e-02
1.133542386945531888e-01
8.272437235856422433e-02
4.285552447985541136e-02
4.017025090669124054e-02
4.446913857317147389e-02
1.126827033429584901e-01
1.093167802380747844e-01
5.059228658563696968e-02
9.195344802390970074e-02
1.234529097680336918e-01
6.581887095104815844e-02
9.261216405987404698e-02
4.091126139232947878e-02
5.634617936802355231e-02
6.162930041476899490e-02
1.038828024797506799e-01
6.914422100816519645e-02
5.233466145925858015e-02
8.125322031685744406e-02
9.124744776915250100e-02
1.168674185021096879e-01
7.810280708157213425e-02
9.076720869714982598e-02
6.186432862950241862e-02
5.556649305890748458e-02
3.479427875814850024e-02
3.058249393308548614e-02
7.746194293346131410e-02
1.067019920822878110e-01
9.240430889255790703e-02
7.886274540233340069e-02
5.130729064902400660e-02
6.125897277004183072e-02
1.008716702572228507e-01
3.664082836693560719e-02
2.930875357388989383e-02
2.803299572943851459e-02
6.614449384374730678e-02
7.727232925246330097e-02
7.219560945019759535e-02
1.014655980509583111e-01
5.301167907938087592e-02
3.003170427269381132e-02
2.583877441507290845e-02
4.253420799114907003e-02
6.985149428297265928e-02
4.994362346396523378e-02
5.577747327088822954e-02
7.294978460028311851e-02
5.409864411188212985e-02
1.123257041382466070e-01
5.633704354311258600e-02
6.454131856488534713e-02
7.762724800802185687e-02
3.269294542612503907e-02
4.898975719463632278e-02
4.951480528814850013e-02
6.998093667557804543e-02
7.550802933489154933e-02
6.545067428658846165e-02
1.382805895399339402e-01
4.344711202459540511e-02
3.487268713545549348e-02
3.446471606517658576e-02
2.480901178178208585e-02
4.923484560424302298e-02
3.603819504435484822e-02
8.065873780764262757e-02
8.549170177604681342e-02
9.164643273583356065e-02
6.085662536387834859e-02
4.423330907777327931e-02
3.898268904382640870e-02
4.001463127679107806e-02
5.176825202982808516e-02
6.976912928452635998e-02
9.318361539264061189e-02
8.571997778292493597e-02
4.561820152660635286e-02
2.475639832783131308e-02
2.508814686950635101e-02
2.915450621188726138e-02
2.214358485116190225e-02
3.657508518091744792e-02
6.157759222977030739e-02
6.272318473590249299e-02
1.027312259359180885e-01
6.589073298696875025e-02
1.386466541314118062e-01
8.581738048140338804e-02
3.932618685473455999e-02
3.944536850983346166e-02
6.652626530805741401e-02
5.612732058954669756e-02
5.701898458680865894e-02
5.911360162972020826e-02
4.556278839733904351e-02
4.263767350233442499e-02
2.081379689256637050e-02
1.784921592828155740e-02
1.776879441777103746e-02
3.239322757811176345e-02
1.509857621197503164e-01
8.500916296528658600e-02
7.225777036938002551e-02
1.113439957234407390e-01
4.660178571501970984e-02
4.871764334785148864e-02
2.837094291689702327e-02
