1.725325533119456622e+01
3.996508775240611300e+01
6.413946027552368889e+01
7.327325910549160426e+01
7.740139648990376031e+01
8.065672768446876262e+01
8.286469145121721169e+01
8.470466125684090741e+01
8.628986601245517818e+01
8.772881675787884603e+01
8.912058879033780556e+01
9.021985280241554506e+01
9.112568409133798752e+01
9.175316097376862956e+01
9.230043404415927455e+01
9.249858463861106372e+01
9.323929043215700574e+01
9.398943196829590363e+01
9.423004340441592319e+01
9.482921305906775444e+01
9.500849216833364608e+01
9.524438573315720191e+01
9.589545197207020522e+01
9.622098509152669976e+01
9.624457444800906103e+01
9.644272504246083599e+01
9.667861860728439183e+01
9.693810152859029472e+01
9.720702019248915349e+01
9.734855633138327846e+01
9.752311756935270637e+01
9.743819588601623138e+01
9.758916776750329802e+01
9.784393281751273719e+01
9.772598603510095927e+01
9.791941875825627051e+01
9.799018682770334010e+01
9.827797697678806799e+01
9.834874504623513758e+01
9.823551613511983760e+01
9.847140969994337922e+01
9.839120588790338218e+01
9.866956029439516840e+01
9.852330628420456549e+01
9.851858841290810176e+01
9.858463861105869341e+01
9.857992073976221548e+01
9.888186450273636297e+01
9.881581430458577131e+01
9.870730326476693506e+01
9.857048499716927381e+01
9.891017173051518796e+01
9.908001509718815214e+01
9.897622192866577961e+01
9.898565767125872128e+01
9.919796187959993006e+01
9.894791470088695462e+01
9.891017173051518796e+01
9.908001509718815214e+01
9.919324400830345212e+01
9.909888658237403547e+01
9.925929420645404377e+01
9.878750707680694632e+01
9.889601811662578257e+01
9.900452915644461882e+01
9.930175504812228837e+01
9.940554821664464669e+01
9.940554821664464669e+01
9.946688054349877461e+01
9.938195886016229963e+01
9.906114361200226881e+01
9.948103415738818001e+01
9.919796187959993006e+01
9.953293074164936627e+01
9.952821287035290254e+01
9.921211549348933545e+01
9.936308737497641630e+01
9.912247593885638253e+01
9.937724098886582169e+01
9.949046989998112167e+01
9.932062653330817170e+01
9.938195886016229963e+01
9.933478014719759130e+01
9.936780524627288003e+01
9.932534440460463543e+01
9.958482732591055253e+01
9.956595584072466920e+01
9.931590866201169376e+01
9.937252311756935796e+01
9.938667673145876336e+01
9.955180222683524960e+01
9.928760143423286877e+01
9.947631628609171628e+01
9.975467069258350250e+01
9.976882430647292210e+01
9.972636346480467751e+01
9.923570484997169672e+01
9.927344782034346338e+01
9.969805623702585251e+01
9.941970183053406629e+01
9.917909039441404673e+01
9.959426306850349420e+01
9.941970183053406629e+01
9.975938856387998044e+01
9.965087752406114419e+01
9.963672391017172458e+01
9.936308737497641630e+01
9.956595584072466920e+01
9.965559539535760791e+01
9.949046989998112167e+01
9.940083034534818296e+01
9.930175504812228837e+01
9.950934138516701921e+01
9.941970183053406629e+01
9.960369881109643586e+01
9.964615965276466625e+01
9.979713153425174710e+01
9.983959237591999170e+01
9.947631628609171628e+01
9.929703717682581043e+01
9.941498395923758835e+01
9.953293074164936627e+01
9.966974900924702752e+01
9.960841668239289959e+01
9.933006227590111337e+01
9.979241366295526916e+01
9.983959237591999170e+01
9.984431024721645542e+01
9.958010945461407459e+01
9.949046989998112167e+01
9.953764861294584421e+01
9.934893376108699670e+01
9.966503113795056379e+01
9.982543876203057209e+01
9.984902811851293336e+01
9.973579920739761917e+01
9.955180222683524960e+01
9.967446688054350545e+01
9.966031326665408585e+01
9.954708435553878587e+01
9.966031326665408585e+01
9.935836950367993836e+01
9.968390262313644712e+01
9.958010945461407459e+01
9.950462351387054127e+01
9.979241366295526916e+01
9.971220985091527211e+01
9.970749197961879418e+01
9.959898093979995792e+01
9.954236648424230793e+01
9.958010945461407459e+01
9.912247593885638253e+01
9.972164559350821378e+01
9.979241366295526916e+01
9.977826004906586377e+01
9.985846386110587503e+01
9.969333836572938878e+01
9.978769579165880543e+01
9.946688054349877461e+01
9.947631628609171628e+01
9.945272692960935501e+01
9.964615965276466625e+01
9.971692772221173584e+01
9.976410643517644417e+01
9.975467069258350250e+01
9.967446688054350545e+01
9.955652009813172754e+01
9.941498395923758835e+01
9.947631628609171628e+01
9.974051707869409711e+01
9.986318173240233875e+01
9.986318173240233875e+01
9.983959237591999170e+01
9.987733534629175836e+01
9.978297792036232750e+01
9.962257029628231919e+01
9.962257029628231919e+01
9.937724098886582169e+01
9.959426306850349420e+01
9.920267975089639378e+01
9.950462351387054127e+01
9.978297792036232750e+01
9.979241366295526916e+01
9.958482732591055253e+01
9.967446688054350545e+01
9.965559539535760791e+01
9.964144178146820252e+01
9.972164559350821378e+01
9.974051707869409711e+01
9.988677108888470002e+01
9.990564257407058335e+01
9.990564257407058335e+01
9.981600301943763043e+01
9.909416871107755753e+01
9.947631628609171628e+01
9.955180222683524960e+01
9.932534440460463543e+01
9.972164559350821378e+01
9.970277410832233045e+01
9.983487450462351376e+01
