9.823367731273174286e+01
4.906185073778033257e+01
3.821042902022600174e+01
3.244523078203201294e+01
2.865931588597595692e+01
2.547513160668313503e+01
2.270649958588182926e+01
2.030990318488329649e+01
1.804162850975990295e+01
1.613594770524650812e+01
1.436179837351664901e+01
1.279894371889531612e+01
1.148707627039402723e+01
1.041309407725930214e+01
9.432118203490972519e+00
8.564117849804461002e+00
7.867962885880842805e+00
7.275733771035447717e+00
6.713083451148122549e+00
6.264380547683686018e+00
5.878088597499299794e+00
5.524126776610501111e+00
5.206578747543971986e+00
4.896255325846141204e+00
4.599383711669361219e+00
4.358280751213897020e+00
4.133764140613493510e+00
3.912028837847174145e+00
3.607525752260698937e+00
3.434396430122433230e+00
3.261502261011628434e+00
3.126951721824298147e+00
2.967025323836423922e+00
2.902838184221764095e+00
2.781173526163911447e+00
2.670712851715506986e+00
2.492220269323297543e+00
2.343909496303240303e+00
2.343503383894130820e+00
2.308905224781483412e+00
2.207756373434676789e+00
2.122523809011909179e+00
2.075926729543425608e+00
2.091877231699982076e+00
1.985392642205624725e+00
1.822292903165362077e+00
1.753550813529273000e+00
1.587309009568798501e+00
1.742342535467287234e+00
1.482052098563144682e+00
1.454316029994060955e+00
1.473046307809454447e+00
1.228826546955815502e+00
1.210960196460291627e+00
1.372583691348381763e+00
1.275307401776444749e+00
1.312681098507027855e+00
1.102187021985514548e+00
1.177743203375484882e+00
1.172437939152700892e+00
1.314815509412710526e+00
1.078233004008041007e+00
1.664635497105962259e+00
8.876563206967489350e-01
1.418375720930498574e+00
1.115686148163121061e+00
9.286290850176470713e-01
1.266748477777127846e+00
1.002230025732387730e+00
8.836332415929462059e-01
8.285500934616152335e-01
1.058745794042636135e+00
9.195776321315634050e-01
1.289711283879000803e+00
9.882256849816783983e-01
9.164217425984872989e-01
9.780688136162041246e-01
1.120850871412471861e+00
1.241176279754483858e+00
9.067418785820677840e-01
7.316780011255161753e-01
9.119400840208697900e-01
1.289375039757873154e+00
8.330327739415164245e-01
1.159012878270683444e+00
8.547001321797687012e-01
8.427180066349215792e-01
8.788894223588243904e-01
8.079043761642736854e-01
9.387273330135883498e-01
9.260148857175849457e-01
7.637329515627087062e-01
1.030236118562207537e+00
8.273657496811983592e-01
1.011790942690900863e+00
6.960841436995668374e-01
9.202743468863285869e-01
8.223764339309962423e-01
1.141595985681339798e+00
5.933470144701992188e-01
6.975709830522784927e-01
8.614869319617906029e-01
9.891004550171302867e-01
5.938488069583267581e-01
6.479974317649812576e-01
9.180030151894928991e-01
9.282241612794714936e-01
6.931740735479774429e-01
6.833028568076953135e-01
1.002778387515812053e+00
7.555546266219690388e-01
8.098812372541837057e-01
8.777556979395935155e-01
1.056224271857709951e+00
7.257676313627716702e-01
4.443331390942755199e-01
7.015866244642693372e-01
9.338416984318307357e-01
4.313765724973732674e-01
1.131743070361155290e+00
7.908123956939983046e-01
6.591714697461373840e-01
7.712669863076683230e-01
3.870191665736920639e-01
8.934531009018389369e-01
6.754428498658224811e-01
9.720633519716090909e-01
4.905990932797331672e-01
9.760642532165739738e-01
6.815820973597459531e-01
7.215488742688549451e-01
6.104894047883220320e-01
8.471558092117383865e-01
7.736600893287550740e-01
5.210579597843023603e-01
6.058833803467522650e-01
7.796479303999498400e-01
6.378848364054258147e-01
8.441791895800243584e-01
6.062501890838096763e-01
1.024995905584745737e+00
5.449885561627977326e-01
8.130845644002093753e-01
5.754648225134098016e-01
6.437237218166270702e-01
6.744896063308105649e-01
3.740610047218861367e-01
9.132904034187253606e-01
6.917696598398874741e-01
7.558533607554596134e-01
5.169800322898741030e-01
6.146997391948130218e-01
7.718810824262429815e-01
4.107095160160667002e-01
1.118628139231544028e+00
3.939353871966232434e-01
7.120686626930103902e-01
7.631294171265627924e-01
4.073344149009555104e-01
4.874720627683899465e-01
8.568020328281339415e-01
5.163586624168525763e-01
8.122483422836799249e-01
1.129070378100748062e+00
5.657605312945682696e-01
6.236311679233658145e-01
4.348134890751144122e-01
8.503579743750460107e-01
4.769781715938516964e-01
9.866099126778400397e-01
8.365673830751848561e-01
4.912493660072806412e-01
4.599230266529071853e-01
4.226236959564221296e-01
4.828966310603831635e-01
9.377068350307633526e-01
8.855769679445233411e-01
5.512127375396932427e-01
3.433185573054632900e-01
7.930731434597160234e-01
8.879018728129037807e-01
1.102200587930690201e+00
5.959445971471680759e-01
8.020109997343756181e-01
5.296537154307980888e-01
5.733806072871776571e-01
6.407903232260655502e-01
6.552598443347703583e-01
3.279584572616168758e-01
1.008295461032491014e+00
5.069981645944579007e-01
3.719070438573423565e-01
6.143722059680916114e-01
5.296386138441055991e-01
7.097104839026238121e-01
7.421820644119175858e-01
3.809823188120967097e-01
1.317000815968304650e+00
3.168083259991124612e-01
8.472205037774391823e-01
