6.189686841987366250e+01
8.517091528157340008e+01
8.884682585905649432e+01
9.074414228753191480e+01
9.170736078132699731e+01
9.272658035034272928e+01
9.358227677971416369e+01
9.435733166076788336e+01
9.500246404730971506e+01
9.556471484252497817e+01
9.615160611083733500e+01
9.663321535773486914e+01
9.701850275525289646e+01
9.730970834640025657e+01
9.764571479772411067e+01
9.782939832444782269e+01
9.801308185117154892e+01
9.817212490479816722e+01
9.836924868957484591e+01
9.845661036691905110e+01
9.859997311948389154e+01
9.872093544196049208e+01
9.878813673222525438e+01
9.886205815151650711e+01
9.891581918372833115e+01
9.897406030195779181e+01
9.903230142018726667e+01
9.907934232337261449e+01
9.916222391469916886e+01
9.922270507593745492e+01
9.927646610814927897e+01
9.930782671027283470e+01
9.933694726938757924e+01
9.935038752744053170e+01
9.935710765646700793e+01
9.937054791451996039e+01
9.946014963487299099e+01
9.950271045204067377e+01
9.945790959186416558e+01
9.948927019398772131e+01
9.947582993593476886e+01
9.952063079611129126e+01
9.953855114018189454e+01
9.953631109717306913e+01
9.954751131221719618e+01
9.959231217239370437e+01
9.961695264549079809e+01
9.964607320460552842e+01
9.960351238743784563e+01
9.967295372071143333e+01
9.965503337664083006e+01
9.966623359168495710e+01
9.975583531203798771e+01
9.975807535504681312e+01
9.968415393575556038e+01
9.970431432283500328e+01
9.969759419380852705e+01
9.977151561309976557e+01
9.973791496796738443e+01
9.971775458088795574e+01
9.967071367770260792e+01
9.976255544106446393e+01
9.957663187133192650e+01
9.981183638725863716e+01
9.962591281752609973e+01
9.973567492495855902e+01
9.978271582814390683e+01
9.967519376372025874e+01
9.975135522602033689e+01
9.980735630124098634e+01
9.981855651628511339e+01
9.975135522602033689e+01
9.979391604318803388e+01
9.968863402177321120e+01
9.975583531203798771e+01
9.977151561309976557e+01
9.974463509699386066e+01
9.972447470991443197e+01
9.966847363469378251e+01
9.978495587115273224e+01
9.983423681734689126e+01
9.978047578513508142e+01
9.964607320460552842e+01
9.979391604318803388e+01
9.968863402177321120e+01
9.981183638725863716e+01
9.978047578513508142e+01
9.977599569911741639e+01
9.980735630124098634e+01
9.976479548407328934e+01
9.976255544106446393e+01
9.981631647327628798e+01
9.972447470991443197e+01
9.980063617221451011e+01
9.974015501097620984e+01
9.983647686035571667e+01
9.975359526902916230e+01
9.978943595717038306e+01
9.969759419380852705e+01
9.986111733345279617e+01
9.982079655929393880e+01
9.979391604318803388e+01
9.974463509699386066e+01
9.987231754849693743e+01
9.985439720442631995e+01
9.975807535504681312e+01
9.974911518301151148e+01
9.982975673132924044e+01
9.982303660230276421e+01
9.973343488194973361e+01
9.980959634424981175e+01
9.978719591416155765e+01
9.977599569911741639e+01
9.969983423681735246e+01
9.981183638725863716e+01
9.990367815062049317e+01
9.982079655929393880e+01
9.973119483894090820e+01
9.991263832265579481e+01
9.969087406478205082e+01
9.978943595717038306e+01
9.983647686035571667e+01
9.979839612920568470e+01
9.991711840867344563e+01
9.975583531203798771e+01
9.980735630124098634e+01
9.972895479593208279e+01
9.988799784955871530e+01
9.973791496796738443e+01
9.981631647327628798e+01
9.981631647327628798e+01
9.984767707539984372e+01
9.977151561309976557e+01
9.980063617221451011e+01
9.987007750548811202e+01
9.983871690336454208e+01
9.978943595717038306e+01
9.984319698938219290e+01
9.978047578513508142e+01
9.984543703239101831e+01
9.971775458088795574e+01
9.986335737646162158e+01
9.978271582814390683e+01
9.985887729044397076e+01
9.982751668832041503e+01
9.982975673132924044e+01
9.991039827964696940e+01
9.975807535504681312e+01
9.981407643026746257e+01
9.981183638725863716e+01
9.987455759150576284e+01
9.984767707539984372e+01
9.979839612920568470e+01
9.990143810761166776e+01
9.968639397876438579e+01
9.990591819362931858e+01
9.981855651628511339e+01
9.980287621522333552e+01
9.990367815062049317e+01
9.988799784955871530e+01
9.976031539805563852e+01
9.987007750548811202e+01
9.979615608619685929e+01
9.968639397876438579e+01
9.985663724743514535e+01
9.983647686035571667e+01
9.989247793557636612e+01
9.977151561309976557e+01
9.987455759150576284e+01
9.972447470991443197e+01
9.976703552708211475e+01
9.987679763451458825e+01
9.988799784955871530e+01
9.989919806460284235e+01
9.987007750548811202e+01
9.974239505398503525e+01
9.975807535504681312e+01
9.985887729044397076e+01
9.992607858070874727e+01
9.979391604318803388e+01
9.976479548407328934e+01
9.970431432283500328e+01
9.985887729044397076e+01
9.978271582814390683e+01
9.986783746247928661e+01
9.985663724743514535e+01
9.981855651628511339e+01
9.982751668832041503e+01
9.992383853769992186e+01
9.972895479593208279e+01
9.986335737646162158e+01
9.991263832265579481e+01
9.983871690336454208e+01
9.987231754849693743e+01
9.981855651628511339e+01
9.979839612920568470e+01
9.991039827964696940e+01
9.963711303257022678e+01
9.992607858070874727e+01
9.978719591416155765e+01
