1.564446121909794307e+01
3.899792413662954971e+01
5.920928477071145579e+01
6.800339686733346412e+01
7.284865068880921513e+01
7.669843366672957075e+01
8.002453293074164264e+01
8.296376674844310628e+01
8.512455180222683282e+01
8.701170032081525108e+01
8.871013398754482182e+01
9.012077750518966468e+01
9.109737686355916253e+01
9.209284770711454371e+01
9.298452538214758079e+01
9.388092092847706738e+01
9.461690885072654567e+01
9.482449518777127651e+01
9.542838271371957148e+01
9.590488771466314688e+01
9.624929231930552476e+01
9.663143989431968350e+01
9.689564068692206433e+01
9.707963766748443390e+01
9.722117380637855888e+01
9.752783544064918431e+01
9.772126816380449554e+01
9.773542177769390094e+01
9.785808643140215679e+01
9.799490469899981804e+01
9.825910549160218466e+01
9.843366672957161256e+01
9.864597093791280713e+01
9.871202113606341300e+01
9.868843177958105173e+01
9.870730326476693506e+01
9.876391772032458505e+01
9.899037554255519922e+01
9.891488960181166590e+01
9.893376108699754923e+01
9.913191168144932419e+01
9.891017173051518796e+01
9.881109643328929337e+01
9.908945083978109380e+01
9.900924702774108255e+01
9.893376108699754923e+01
9.906586148329873254e+01
9.912247593885638253e+01
9.896206831477637422e+01
9.905170786940932715e+01
9.917909039441404673e+01
9.888186450273636297e+01
9.901868277033402421e+01
9.904227212681638548e+01
9.932534440460463543e+01
9.928288356293640504e+01
9.911304019626344086e+01
9.916021890922814919e+01
9.921211549348933545e+01
9.930175504812228837e+01
9.910360445367049920e+01
9.916021890922814919e+01
9.930175504812228837e+01
9.924985846386110211e+01
9.925457633515758005e+01
9.934893376108699670e+01
9.941026608794112462e+01
9.916965465182110506e+01
9.905642574070579087e+01
9.937724098886582169e+01
9.921211549348933545e+01
9.905170786940932715e+01
9.920739762219287172e+01
9.928288356293640504e+01
9.910360445367049920e+01
9.941970183053406629e+01
9.930175504812228837e+01
9.925929420645404377e+01
9.926872994904698544e+01
9.939139460275524129e+01
9.908473296848461587e+01
9.906114361200226881e+01
9.933006227590111337e+01
9.948103415738818001e+01
9.940083034534818296e+01
9.922155123608227711e+01
9.941026608794112462e+01
9.940554821664464669e+01
9.946216267220229668e+01
9.940083034534818296e+01
9.902811851292696588e+01
9.926872994904698544e+01
9.945744480090583295e+01
9.942913757312700795e+01
9.930175504812228837e+01
9.921683336478581339e+01
9.934893376108699670e+01
9.946688054349877461e+01
9.944329118701641335e+01
9.953293074164936627e+01
9.935365163238347463e+01
9.944329118701641335e+01
9.934421588979053297e+01
9.942913757312700795e+01
9.941970183053406629e+01
9.927816569163992710e+01
9.947631628609171628e+01
9.935365163238347463e+01
9.958482732591055253e+01
9.958954519720701626e+01
9.912719381015286046e+01
9.940554821664464669e+01
9.941026608794112462e+01
9.935836950367993836e+01
9.954708435553878587e+01
9.954236648424230793e+01
9.959426306850349420e+01
9.923570484997169672e+01
9.959426306850349420e+01
9.956123796942819126e+01
9.938667673145876336e+01
9.940554821664464669e+01
9.924042272126816044e+01
9.946216267220229668e+01
9.957539158331761087e+01
9.934893376108699670e+01
9.936308737497641630e+01
9.949518777127759961e+01
9.941970183053406629e+01
9.938667673145876336e+01
9.950934138516701921e+01
9.949990564257407755e+01
9.949990564257407755e+01
9.950462351387054127e+01
9.953764861294584421e+01
9.921683336478581339e+01
9.932062653330817170e+01
9.949518777127759961e+01
9.961313455368937753e+01
9.959426306850349420e+01
9.965559539535760791e+01
9.922626910737875505e+01
9.947631628609171628e+01
9.957067371202113293e+01
9.952821287035290254e+01
9.939611247405170502e+01
9.957067371202113293e+01
9.927816569163992710e+01
9.940554821664464669e+01
9.959898093979995792e+01
9.939139460275524129e+01
9.954708435553878587e+01
9.960841668239289959e+01
9.949518777127759961e+01
9.936308737497641630e+01
9.941970183053406629e+01
9.943385544442347168e+01
9.953764861294584421e+01
9.958010945461407459e+01
9.941026608794112462e+01
9.942913757312700795e+01
9.953293074164936627e+01
9.951405925646348294e+01
9.962257029628231919e+01
9.960841668239289959e+01
9.941026608794112462e+01
9.946688054349877461e+01
9.959898093979995792e+01
9.936308737497641630e+01
9.943857331571994962e+01
9.949046989998112167e+01
9.952349499905642460e+01
9.938667673145876336e+01
9.957067371202113293e+01
9.959898093979995792e+01
9.957539158331761087e+01
9.948575202868465794e+01
9.943857331571994962e+01
9.949990564257407755e+01
9.968390262313644712e+01
9.953764861294584421e+01
9.939611247405170502e+01
9.960841668239289959e+01
9.948103415738818001e+01
9.940554821664464669e+01
9.939139460275524129e+01
9.952821287035290254e+01
9.963672391017172458e+01
9.962728816757878292e+01
9.941970183053406629e+01
9.951877712775996088e+01
9.936308737497641630e+01
9.934421588979053297e+01
9.959426306850349420e+01
9.954236648424230793e+01
9.958954519720701626e+01
9.927816569163992710e+01
9.935836950367993836e+01
9.950934138516701921e+01
9.958954519720701626e+01
