8.837259460240602493e+00
7.120409063994884491e+00
5.274203870445489883e+00
4.273636973462998867e+00
3.684331847354769707e+00
3.176728055812418461e+00
2.778799483086913824e+00
2.400094611570239067e+00
2.108204756863415241e+00
1.855871576350182295e+00
1.646495569963008165e+00
1.471680625341832638e+00
1.328667860245332122e+00
1.210719778435304761e+00
1.080345205962657928e+00
9.560122528346255422e-01
8.470079308608546853e-01
8.041246803477406502e-01
7.369009052636101842e-01
6.712024382431991398e-01
6.086117628437932581e-01
5.532760065980255604e-01
4.990122720191720873e-01
4.805787887889891863e-01
4.516268098814180121e-01
4.079683073359774426e-01
3.879470409228815697e-01
3.730607711077027488e-01
3.491522799413360190e-01
3.168051974280388094e-01
2.866354485995543655e-01
2.575088081193825928e-01
2.309041121734480839e-01
2.151376208457804751e-01
2.271949665264401119e-01
2.215310103038063971e-01
2.029761227313429117e-01
1.700187190235737944e-01
1.793634739942717715e-01
1.817276492756718653e-01
1.562126083886141714e-01
1.766413881136941200e-01
1.942336331994738430e-01
1.574676327011275134e-01
1.625851882595270581e-01
1.783850585646860054e-01
1.492250734018512048e-01
1.407747370915330976e-01
1.629197392859396132e-01
1.585471956400397175e-01
1.395649565149028604e-01
1.734042226139536069e-01
1.625010369339179306e-01
1.577408279359531207e-01
1.141237185700560985e-01
1.192038843848308716e-01
1.414511780235656602e-01
1.333849619521743080e-01
1.328126659241952723e-01
1.213273041398679197e-01
1.518120830363614004e-01
1.356331595930555523e-01
1.165568628084976410e-01
1.237125052680880799e-01
1.219073467541278433e-01
1.076373913379882197e-01
1.050766794981363716e-01
1.384751006945350582e-01
1.490605730435845544e-01
1.042365125827942052e-01
1.259868095310920921e-01
1.509998998606505438e-01
1.306265606971095394e-01
1.211882066964093951e-01
1.433569513438079923e-01
9.862876936017750396e-02
1.167905089350025349e-01
1.226222977028494920e-01
1.247628204862900603e-01
1.050207848391284671e-01
1.477866065895501180e-01
1.441825186255343283e-01
1.121024200037235019e-01
8.894456250898286065e-02
1.027219712770701676e-01
1.232994434099445868e-01
9.775984775605550681e-02
1.005818740040886894e-01
9.187020585970451236e-02
9.767220795590780824e-02
1.509980663897749764e-01
1.220496728705455780e-01
9.192791164014302296e-02
9.668329605409375915e-02
1.089879310779855448e-01
1.215348140996166393e-01
1.018956062106730620e-01
8.635479254740746624e-02
9.430086278554372647e-02
7.876733348460174255e-02
1.086045131768274552e-01
9.121008735684332791e-02
1.031990881659679005e-01
9.240040608234845187e-02
9.861448822714158347e-02
1.200516100187130897e-01
9.162312294388996747e-02
1.017817079224518917e-01
7.201158576227051356e-02
7.125218526501667093e-02
1.423787686267380392e-01
9.682068033723228995e-02
9.910546122321151064e-02
1.039366159912107623e-01
7.769581725631169444e-02
7.920130470578101711e-02
6.874711786209403153e-02
1.251725510482772918e-01
7.020234420484702809e-02
7.739421528660134220e-02
9.924784096643685105e-02
9.939263382709734307e-02
1.287457700393878912e-01
9.013369656946296216e-02
7.533211329599574790e-02
1.113899808643976364e-01
1.061176211421428206e-01
8.584612933485291641e-02
9.690235922946019431e-02
1.035152189858209865e-01
8.895533919733483730e-02
8.346577214677430856e-02
8.580978643165473874e-02
8.210286861097880473e-02
7.831260705366049901e-02
1.298606312255971562e-01
1.067424026622998262e-01
8.776324310332243861e-02
6.645459742791545721e-02
7.062286662872777065e-02
6.255297669570490660e-02
1.241859771815067848e-01
8.918694763580219120e-02
7.588075552452143435e-02
7.855659963893160680e-02
1.016669332056504144e-01
7.486316052727624848e-02
1.206329145176039119e-01
9.857302254807231989e-02
7.112071101840901355e-02
1.012376873937919641e-01
7.871757355343278473e-02
6.786830799444107387e-02
8.758505279655030840e-02
1.098728940193566261e-01
9.868127601510912061e-02
9.246866761782562838e-02
7.713805929564745978e-02
7.337615842207580175e-02
9.695213740251876211e-02
9.483026462565885550e-02
7.777028432818451631e-02
7.962913157551466947e-02
6.679285051851853450e-02
7.005944948915696080e-02
9.792232367124106829e-02
9.163957113462435633e-02
7.011201641037050070e-02
1.075246186201787441e-01
9.327002579421310446e-02
8.621053806327950986e-02
8.335235798898676940e-02
1.025702303407587529e-01
7.791031590608443747e-02
6.852750072102314904e-02
7.187677409705284237e-02
8.498637491507601838e-02
9.664790797733859018e-02
9.062023933553463306e-02
5.707659819777680804e-02
7.858733197605995147e-02
1.009276522012031718e-01
7.093495918731035355e-02
8.799271015969165055e-02
1.035755816269941509e-01
1.053615748420399789e-01
8.276530252096379880e-02
6.673966891955117331e-02
6.730282538350965127e-02
9.799483876623575618e-02
8.218510329474305875e-02
1.064257837979292742e-01
1.138805692625408927e-01
7.158665788075986580e-02
8.066620482375827517e-02
7.068004628839585912e-02
1.239380034155715682e-01
1.087594443259450455e-01
8.542765018138506750e-02
7.171656273845718188e-02
