1.003769531697034836e+02
5.895066022872924805e+01
3.931910498067736626e+01
2.852314609847962856e+01
2.273814766295254230e+01
1.860755212884396315e+01
1.543966216873377562e+01
1.294477189797908068e+01
1.090457888040691614e+01
9.271332644391804934e+00
7.949834545841440558e+00
6.865982798393815756e+00
5.956395372399128973e+00
5.188875349238514900e+00
4.516786184452939779e+00
3.913592547003645450e+00
3.376034347980748862e+00
2.966074132127687335e+00
2.590301219897810370e+00
2.259000558464322239e+00
2.028318623226368800e+00
1.820844306639628485e+00
1.650106167857302353e+00
1.504994176953914575e+00
1.394597458129283041e+00
1.296126819288474508e+00
1.418585346218605991e+00
1.117112063860986382e+00
1.041842987324343994e+00
9.935522316263813991e-01
9.220087156027148012e-01
8.693644793747807853e-01
8.251397556687152246e-01
7.430926373890542891e-01
7.897379171954526100e-01
8.461724050248449203e-01
6.889789482611377025e-01
5.885725499201726052e-01
5.928932451697619399e-01
6.478022855494600662e-01
6.952996376267037704e-01
5.078505449696422147e-01
4.669979456648434279e-01
5.536875338798381563e-01
4.400451395640629926e-01
4.451271633752185153e-01
4.774070983239653287e-01
6.218640314309595851e-01
4.321128574315480364e-01
3.903382357503915046e-01
4.815472893174046476e-01
3.992593036512062099e-01
3.944915179838517361e-01
4.821966959645465067e-01
4.436795316114512389e-01
2.804742101208148597e-01
3.341488546984692221e-01
5.615073004663031497e-01
3.522150006799051880e-01
3.431971793904722290e-01
3.229240591136885996e-01
2.397352792755782502e-01
2.322286340634889257e-01
2.796134159702887700e-01
2.140115751177233960e-01
4.332662886221783083e-01
2.379263715219792630e-01
2.154947851309998441e-01
3.162141073924971124e-01
2.162980108343361962e-01
2.075689814634813501e-01
2.265959433105990684e-01
3.293837755342252649e-01
2.138484469004140465e-01
1.803066605690943902e-01
4.462218979248859796e-01
2.094018839191207348e-01
2.211792377004542232e-01
1.739721302914318812e-01
2.006516547989178889e-01
3.564320086140497779e-01
2.026018425920881327e-01
1.615686613747939759e-01
3.282324644141283443e-01
2.884925688460668880e-01
2.061636706921348150e-01
1.941133859816446261e-01
2.030315297043152611e-01
2.114253084046353592e-01
2.878110820252928193e-01
2.549164778351524774e-01
2.085052373719165075e-01
1.189819169025128076e-01
1.189455975266202614e-01
2.749973350298802188e-01
1.831472409659369305e-01
2.217936611112207856e-01
1.484891778620358593e-01
1.586553739836880084e-01
4.631016534747942615e-01
1.412065033334322095e-01
2.422866340634080018e-01
1.230995836012986899e-01
1.948537869801860722e-01
1.997560449698596585e-01
1.137377188218344770e-01
1.713132762042821611e-01
2.146503953489329319e-01
2.478815006363426221e-01
2.001242835741638970e-01
2.116120229609332881e-01
9.557957234420655368e-02
8.456595685888323999e-02
8.248204799388680897e-02
8.206873300907346902e-02
8.184991811031760989e-02
8.173923003252792086e-02
8.192331377065364961e-02
4.371446487608561249e-01
2.103889847622970599e-01
1.309815815720947185e-01
1.072667839601471051e-01
8.204928916217912871e-02
8.189853223806453641e-02
4.871725416972325640e-01
1.162537482104213371e-01
1.068085398172522460e-01
7.256424354423041123e-02
7.225626460359979575e-02
2.161619241256846902e-01
1.144382303141613377e-01
1.156027806669817082e-01
2.258352934363134779e-01
6.470528653354512549e-02
6.182267556260856445e-02
6.154305038914320569e-02
6.147119241887422092e-02
6.146133081678906152e-02
7.466019725642336624e-02
4.790611278722631816e-01
1.024494559577413533e-01
1.181513782174326010e-01
1.120351045915914945e-01
9.223157002389914538e-02
3.612410476728582509e-01
1.137151048309594792e-01
6.948285515159691172e-02
6.337607083401697317e-02
7.294431410547774774e-02
4.297200736987620839e-01
2.126396449465107752e-01
6.876260806754652677e-02
1.132917814694189840e-01
1.211090773809975207e-01
1.471824851771232900e-01
5.616860143465246535e-02
5.164306044251062988e-02
5.105604264525481772e-02
5.092842539571262872e-02
5.084883653192101560e-02
5.077939339863840607e-02
5.071834696363819450e-02
5.066765661783839692e-02
5.062899593599595738e-02
5.060544797801919126e-02
5.061283867302435180e-02
5.062743115761481061e-02
4.494562940429860376e-01
1.729203558514095240e-01
6.018572618397821650e-02
5.318571192627097322e-02
5.129470602668767532e-02
5.085215928046149525e-02
5.070459109535174758e-02
5.064189704845256657e-02
5.058929926429117652e-02
5.054103397839349032e-02
5.049680488475405404e-02
5.045769079595496809e-02
5.042264495420195614e-02
5.038852821746936383e-02
5.035937047058536287e-02
5.033586688785410268e-02
5.031672680702614642e-02
5.030463948347821401e-02
5.032476117432077567e-02
5.546888218382367564e-01
1.882617130037718134e-01
5.484376353116396374e-02
5.098258071496308830e-02
5.066765033564135656e-02
5.057662218794251041e-02
5.051623373028235608e-02
5.046851184724257533e-02
5.043057616130344756e-02
5.039540629639824298e-02
5.036509675893244276e-02
5.033508461650494648e-02
5.030606397921989770e-02
5.027718328193697683e-02
