6.153932990156236116e+01
8.163099431048496513e+01
8.835229838345524911e+01
9.184954393569944386e+01
9.365799692946806942e+01
9.510972636141967484e+01
9.611442246906891285e+01
9.683012733676510209e+01
9.741036756073332015e+01
9.783708118847647484e+01
9.816445407748577168e+01
9.844667208525241620e+01
9.869728167614918846e+01
9.888693217736837937e+01
9.908109816671182557e+01
9.924591348324753426e+01
9.937008940666486012e+01
9.946717240133658322e+01
9.953942021132483831e+01
9.960715253318883811e+01
9.965004967036936989e+01
9.968165808723922794e+01
9.972003973629549023e+01
9.974261717691682350e+01
9.976745236160029151e+01
9.976971010566242626e+01
9.973358620066829872e+01
9.981938047502934808e+01
9.983744242752641185e+01
9.983066919534002182e+01
9.984421565971281609e+01
9.984647340377495084e+01
9.986001986814774511e+01
9.986905084439628411e+01
9.985550438002347562e+01
9.983518468346427710e+01
9.988033956470694363e+01
9.989388602907973791e+01
9.988711279689334788e+01
9.987582407658267414e+01
9.986227761220987986e+01
9.990291700532827690e+01
9.991646346970107118e+01
9.989840151720400740e+01
9.991872121376320592e+01
9.991194798157680168e+01
9.991194798157680168e+01
9.988033956470694363e+01
9.991420572563893643e+01
9.992323670188747542e+01
9.990743249345254640e+01
9.991646346970107118e+01
9.992775219001174491e+01
9.990065926126614215e+01
9.989840151720400740e+01
9.995032963063307818e+01
9.993452542219813495e+01
9.986227761220987986e+01
9.993452542219813495e+01
9.993000993407387966e+01
9.993452542219813495e+01
9.995936060688160296e+01
9.995936060688160296e+01
9.994581414250880869e+01
9.996161835094373771e+01
9.990969023751468114e+01
9.994807188657094343e+01
9.996161835094373771e+01
9.993904091032240444e+01
9.995936060688160296e+01
9.996161835094373771e+01
9.995258737469519872e+01
9.992775219001174491e+01
9.995032963063307818e+01
9.996387609500587246e+01
9.989162828501761737e+01
9.996161835094373771e+01
9.995258737469519872e+01
9.996613383906800721e+01
9.995936060688160296e+01
9.991872121376320592e+01
9.995258737469519872e+01
9.997064932719226249e+01
9.992549444594961017e+01
9.993678316626026970e+01
9.995710286281946821e+01
9.995710286281946821e+01
9.996161835094373771e+01
9.995258737469519872e+01
9.993226767813600020e+01
9.994581414250880869e+01
9.996387609500587246e+01
9.997516481531653199e+01
9.997516481531653199e+01
9.993226767813600020e+01
9.996387609500587246e+01
9.994807188657094343e+01
9.997290707125439724e+01
9.996613383906800721e+01
9.987130858845841885e+01
9.997064932719226249e+01
9.995032963063307818e+01
9.997516481531653199e+01
9.995258737469519872e+01
9.995032963063307818e+01
9.997968030344080148e+01
9.996387609500587246e+01
9.994807188657094343e+01
9.994807188657094343e+01
9.995484511875733347e+01
9.994581414250880869e+01
9.998193804750293623e+01
9.998193804750293623e+01
9.998193804750293623e+01
9.998193804750293623e+01
9.998193804750293623e+01
9.998193804750293623e+01
9.998193804750293623e+01
9.988259730876907838e+01
9.994807188657094343e+01
9.996839158313014195e+01
9.997742255937866673e+01
9.998193804750293623e+01
9.998193804750293623e+01
9.986679310033414936e+01
9.997742255937866673e+01
9.997968030344080148e+01
9.998419579156507098e+01
9.998419579156507098e+01
9.994581414250880869e+01
9.997742255937866673e+01
9.997290707125439724e+01
9.994807188657094343e+01
9.998645353562720572e+01
9.998645353562720572e+01
9.998645353562720572e+01
9.998645353562720572e+01
9.998645353562720572e+01
9.998419579156507098e+01
9.986227761220987986e+01
9.997968030344080148e+01
9.997290707125439724e+01
9.997742255937866673e+01
9.998193804750293623e+01
9.990517474939041165e+01
9.997516481531653199e+01
9.998645353562720572e+01
9.998645353562720572e+01
9.998645353562720572e+01
9.988485505283121313e+01
9.995032963063307818e+01
9.998645353562720572e+01
9.997742255937866673e+01
9.997290707125439724e+01
9.996839158313014195e+01
9.998871127968934047e+01
9.998871127968934047e+01
9.998871127968934047e+01
9.998871127968934047e+01
9.998871127968934047e+01
9.998871127968934047e+01
9.998871127968934047e+01
9.998871127968934047e+01
9.998871127968934047e+01
9.998871127968934047e+01
9.998871127968934047e+01
9.998871127968934047e+01
9.987356633252053939e+01
9.996613383906800721e+01
9.998871127968934047e+01
9.998871127968934047e+01
9.998871127968934047e+01
9.998871127968934047e+01
9.998871127968934047e+01
9.998871127968934047e+01
9.998871127968934047e+01
9.998871127968934047e+01
9.998871127968934047e+01
9.998871127968934047e+01
9.998871127968934047e+01
9.998871127968934047e+01
9.998871127968934047e+01
9.998871127968934047e+01
9.998871127968934047e+01
9.998871127968934047e+01
9.998871127968934047e+01
9.984647340377495084e+01
9.994581414250880869e+01
9.998871127968934047e+01
9.998871127968934047e+01
9.998871127968934047e+01
9.998871127968934047e+01
9.998871127968934047e+01
9.998871127968934047e+01
9.998871127968934047e+01
9.998871127968934047e+01
9.998871127968934047e+01
9.998871127968934047e+01
9.998871127968934047e+01
9.998871127968934047e+01
