6.092973900478641980e+01
8.196965591980493571e+01
8.721665312020229521e+01
9.007269935880069056e+01
9.230786598031247081e+01
9.370315181071073596e+01
9.469430145398717968e+01
9.545741894698817021e+01
9.595186489659532469e+01
9.650726993588007474e+01
9.693849905174749892e+01
9.725684096450825677e+01
9.753680122821276655e+01
9.772193624130768796e+01
9.789578253409193564e+01
9.801770071344712676e+01
9.814187663686443841e+01
9.829088774496523229e+01
9.839248622776122488e+01
9.853246635961347977e+01
9.867696197958998994e+01
9.874920978957825923e+01
9.883048857581503910e+01
9.890725187392757789e+01
9.906303621421476180e+01
9.916237695294861965e+01
9.922333604262620099e+01
9.932041903729793830e+01
9.931138806104939931e+01
9.939040910322405864e+01
9.943104849634245568e+01
9.950781179445498026e+01
9.948297660977151224e+01
9.949878081820644127e+01
9.952135825882777453e+01
9.949426533008218598e+01
9.949652307414432073e+01
9.954393569944910780e+01
9.956425539600830632e+01
9.962295674162376713e+01
9.967940034317709319e+01
9.956425539600830632e+01
9.959134832475390908e+01
9.958457509256750484e+01
9.961844125349949763e+01
9.963876095005869615e+01
9.969520455161202221e+01
9.966133839068002942e+01
9.969520455161202221e+01
9.962069899756163238e+01
9.968165808723922794e+01
9.968391583130136269e+01
9.971326650410910020e+01
9.972003973629549023e+01
9.969294680754990168e+01
9.974035943285468875e+01
9.975390589722749723e+01
9.969520455161202221e+01
9.966811162286643366e+01
9.978099882597308579e+01
9.968617357536349743e+01
9.969294680754990168e+01
9.971100876004696545e+01
9.979680303440801481e+01
9.978777205815949003e+01
9.972229748035762498e+01
9.971100876004696545e+01
9.976519461753815676e+01
9.970875101598483070e+01
9.976745236160029151e+01
9.976519461753815676e+01
9.979906077847014956e+01
9.974487492097895824e+01
9.980809175471868855e+01
9.964779192630723514e+01
9.983066919534002182e+01
9.977196784972456101e+01
9.980131852253228431e+01
9.969972003973629171e+01
9.979228754628375953e+01
9.980131852253228431e+01
9.977874108191095104e+01
9.974939040910322774e+01
9.979906077847014956e+01
9.973810168879255400e+01
9.976971010566242626e+01
9.979228754628375953e+01
9.987356633252053939e+01
9.978325657003522053e+01
9.975842138535175252e+01
9.976519461753815676e+01
9.978551431409735528e+01
9.981260724284295804e+01
9.973810168879255400e+01
9.986679310033414936e+01
9.981034949878082330e+01
9.981034949878082330e+01
9.979680303440801481e+01
9.981712273096721333e+01
9.988711279689334788e+01
9.970649327192269595e+01
9.970197778379842646e+01
9.982841145127788707e+01
9.984421565971281609e+01
9.980583401065655380e+01
9.983744242752641185e+01
9.980131852253228431e+01
9.986905084439628411e+01
9.977648333784881629e+01
9.984195791565068134e+01
9.972681296848189447e+01
9.982163821909148282e+01
9.984195791565068134e+01
9.988937054095548262e+01
9.968843131942563218e+01
9.981712273096721333e+01
9.980809175471868855e+01
9.977422559378668154e+01
9.987808182064480889e+01
9.984647340377495084e+01
9.984421565971281609e+01
9.976745236160029151e+01
9.981938047502934808e+01
9.984421565971281609e+01
9.972455522441975972e+01
9.982389596315361757e+01
9.983066919534002182e+01
9.980583401065655380e+01
9.984647340377495084e+01
9.987130858845841885e+01
9.987808182064480889e+01
9.986227761220987986e+01
9.976745236160029151e+01
9.985550438002347562e+01
9.980357626659441905e+01
9.973584394473041925e+01
9.992097895782534067e+01
9.988259730876907838e+01
9.983292693940214235e+01
9.977874108191095104e+01
9.987808182064480889e+01
9.985324663596134087e+01
9.989614377314187266e+01
9.977874108191095104e+01
9.981034949878082330e+01
9.984421565971281609e+01
9.983292693940214235e+01
9.984421565971281609e+01
9.991872121376320592e+01
9.972003973629549023e+01
9.980583401065655380e+01
9.988033956470694363e+01
9.992323670188747542e+01
9.976971010566242626e+01
9.983744242752641185e+01
9.979454529034588006e+01
9.990743249345254640e+01
9.984873114783708559e+01
9.986453535627201461e+01
9.976971010566242626e+01
9.990517474939041165e+01
9.986453535627201461e+01
9.987582407658267414e+01
9.976293687347602201e+01
9.984873114783708559e+01
9.979002980222162478e+01
9.983518468346427710e+01
9.976293687347602201e+01
9.985550438002347562e+01
9.985776212408561037e+01
9.992549444594961017e+01
9.983518468346427710e+01
9.990517474939041165e+01
9.985098889189922033e+01
9.986001986814774511e+01
9.993000993407387966e+01
9.980809175471868855e+01
9.987582407658267414e+01
9.989614377314187266e+01
9.974939040910322774e+01
9.988711279689334788e+01
9.986227761220987986e+01
9.989840151720400740e+01
9.981260724284295804e+01
9.983518468346427710e+01
9.981260724284295804e+01
9.983066919534002182e+01
9.988711279689334788e+01
9.989614377314187266e+01
9.987808182064480889e+01
9.986679310033414936e+01
9.981260724284295804e+01
9.979002980222162478e+01
9.990065926126614215e+01
9.983292693940214235e+01
9.993904091032240444e+01
9.975390589722749723e+01
9.991646346970107118e+01
9.987808182064480889e+01
9.985098889189922033e+01
