1.011681091040372849e+02
5.855837674438953400e+01
4.346921851485967636e+01
3.457843290641903877e+01
2.794734277017414570e+01
2.341914490051567554e+01
2.012035914603620768e+01
1.758829183969646692e+01
1.547306734789162874e+01
1.371237604739144444e+01
1.233944954164326191e+01
1.125656700390391052e+01
1.028073124168440700e+01
9.503967123688198626e+00
8.851925332215614617e+00
8.225501267239451408e+00
7.629684415063820779e+00
7.072133543784730136e+00
6.607548135623801500e+00
6.124930397490970790e+00
5.624105456721736118e+00
5.253529906389303505e+00
4.941919917677296326e+00
4.451487667858600616e+00
3.960638879798352718e+00
3.640665386687032878e+00
3.447222345275804400e+00
3.104010908165946603e+00
2.957969216004130431e+00
2.758969736038125120e+00
2.533526553335832432e+00
2.368042161528137513e+00
2.373665741397417150e+00
2.274736535491683753e+00
2.201654242482618429e+00
2.276724552302766824e+00
2.145717609186249319e+00
1.988402723833132768e+00
1.950783494614370284e+00
1.739038484181946842e+00
1.564425030068377964e+00
1.776384452852653340e+00
1.698514849532330118e+00
1.769287131413875613e+00
1.628297233819466783e+00
1.572905438593807048e+00
1.455830201681237668e+00
1.487531811802909942e+00
1.343548918604028586e+00
1.493653238441766007e+00
1.307226985103625339e+00
1.319471132215767284e+00
1.275957514548508698e+00
1.220129623189677659e+00
1.226271540071138588e+00
1.090051606273846119e+00
1.041612492832427961e+00
1.261172277446576118e+00
1.308973713850264176e+00
9.467328234859451186e-01
1.283037420522987304e+00
1.213114135594992149e+00
1.157606865562627263e+00
9.165522279574247477e-01
9.445968075259543184e-01
1.133623251116659958e+00
1.130851543775236223e+00
9.196458675602343646e-01
1.155795186280101916e+00
9.643931669383789540e-01
9.630936156692655459e-01
8.382466844633711389e-01
1.026737084994749694e+00
8.195147778959324114e-01
1.319239163347106114e+00
7.544714070733320455e-01
9.139571367165331139e-01
8.249896816202237915e-01
1.085035996297051497e+00
8.289148732361582006e-01
7.772240852749234818e-01
8.525827629564162180e-01
1.000043997048260636e+00
7.966411875068644122e-01
9.416896279495361455e-01
8.680061304048649617e-01
7.903881576067419701e-01
5.440955069883592898e-01
8.102400935831912676e-01
9.613576734334872143e-01
9.165535959674686595e-01
8.512433047764904614e-01
7.480500133328646939e-01
9.552957142488622821e-01
5.544268990645093709e-01
7.174707337241805760e-01
7.241925192230098673e-01
8.045006811890189624e-01
7.290430444915436681e-01
5.073121101743180983e-01
1.038003171792023949e+00
1.089438325272386265e+00
6.712913839431822183e-01
6.027431616667826564e-01
7.475421427150847897e-01
6.347158773892509487e-01
7.691940766823019970e-01
5.475841368176022073e-01
8.004793676739767605e-01
6.269931563611557124e-01
1.000375740088102816e+00
6.889040818287150980e-01
5.772907021047823939e-01
4.988040970574996180e-01
1.082027345597482926e+00
6.965816032859830642e-01
6.810515058083923545e-01
7.694678811076012259e-01
4.861662105896478181e-01
5.910797522853517005e-01
5.868006884559506808e-01
7.994538580064363131e-01
6.863536816331103907e-01
6.235502486559019175e-01
9.866543729028695031e-01
6.652951322949227642e-01
5.728833150145884456e-01
7.152337551931198245e-01
5.774206235164096590e-01
4.844316034707421004e-01
5.009488544783149422e-01
5.668554770554842248e-01
8.005075038760582906e-01
5.731187064659061248e-01
7.020171056734347825e-01
9.303102908025627782e-01
3.452818330833010152e-01
4.334707923458069323e-01
6.099099170982937856e-01
8.231435922810987904e-01
4.670839354360154516e-01
5.335107007633712595e-01
4.170619025862413731e-01
7.968788935998246670e-01
7.153413585981058809e-01
5.691476714288611349e-01
6.226522946773334066e-01
5.499259222732042485e-01
3.279463194991315556e-01
1.007314824285751254e+00
7.015154436059620746e-01
4.410603735409272530e-01
3.232407736920480668e-01
8.090497308757795825e-01
5.792018453426475144e-01
7.446466551898337505e-01
3.785288489941956436e-01
5.345252347136767446e-01
5.102381275368097491e-01
8.229740505846014909e-01
3.875407633897683946e-01
5.172244783274235758e-01
4.496579252713417962e-01
8.690253334158315468e-01
5.571643144532538727e-01
7.751306359304847016e-01
5.892871363897860260e-01
8.238466072282587538e-01
5.292228440256931954e-01
5.047275071470462837e-01
2.925674474016941584e-01
6.060145922838853227e-01
3.615649272576098583e-01
5.755865119517677986e-01
5.440301541360318405e-01
2.813906978247020518e-01
7.277333263298905175e-01
4.554052852430805487e-01
4.065181700098020046e-01
8.839590452772485563e-01
4.630739684474818874e-01
5.292916867559387395e-01
3.949327633487732525e-01
7.149094490439653615e-01
5.837689072906397936e-01
7.025885169740083702e-01
6.181158382317932798e-01
4.159399628654890657e-01
4.050065707839781703e-01
4.495255002902477370e-01
4.929475251902876165e-01
6.839892144676523733e-01
7.635889793473060738e-01
3.961292306364273541e-01
5.996582398681891135e-01
2.414955231873161801e-01
8.504659968343819543e-01
3.201952415255996387e-01
4.666487207419680039e-01
5.339113584772041676e-01
