6.145353562720129759e+01
8.392937776573647568e+01
8.838390680032512137e+01
8.996658538788042847e+01
9.123543755079924722e+01
9.268490923868870368e+01
9.404632890815497603e+01
9.506005599205273882e+01
9.576221439537613378e+01
9.630858845841235905e+01
9.672627110990697474e+01
9.712589180890454088e+01
9.742391402510611442e+01
9.769935880068635470e+01
9.788900930190553140e+01
9.811704145218098461e+01
9.828185676871669330e+01
9.843086787681748717e+01
9.852343538336494078e+01
9.867244649146572044e+01
9.876727174207532300e+01
9.888241668924410988e+01
9.897498419579156348e+01
9.905174749390408806e+01
9.909012914296035035e+01
9.914657274451367641e+01
9.919624311388061244e+01
9.923236701887473998e+01
9.930687257292512982e+01
9.932267678136005884e+01
9.941072879978325716e+01
9.945588368102592369e+01
9.947168788946085272e+01
9.946039916915017898e+01
9.947846112164725696e+01
9.950555405039284551e+01
9.952135825882777453e+01
9.954167795538697305e+01
9.956651314007044107e+01
9.960037930100243386e+01
9.956877088413257582e+01
9.947394563352298746e+01
9.948974984195791649e+01
9.962972997381017137e+01
9.961166802131310760e+01
9.963650320599656141e+01
9.961844125349949763e+01
9.962747222974803663e+01
9.967036936692856841e+01
9.964553418224510040e+01
9.964101869412083090e+01
9.964327643818296565e+01
9.967036936692856841e+01
9.955748216382190208e+01
9.975390589722749723e+01
9.968843131942563218e+01
9.971552424817122073e+01
9.972003973629549023e+01
9.955973990788403682e+01
9.963876095005869615e+01
9.971326650410910020e+01
9.968165808723922794e+01
9.953716246726271777e+01
9.971778199223335548e+01
9.970649327192269595e+01
9.972907071254402922e+01
9.969520455161202221e+01
9.970649327192269595e+01
9.969294680754990168e+01
9.971552424817122073e+01
9.971100876004696545e+01
9.975390589722749723e+01
9.969520455161202221e+01
9.973358620066829872e+01
9.971326650410910020e+01
9.972003973629549023e+01
9.975390589722749723e+01
9.975390589722749723e+01
9.978099882597308579e+01
9.969972003973629171e+01
9.973584394473041925e+01
9.970197778379842646e+01
9.975842138535175252e+01
9.979680303440801481e+01
9.972681296848189447e+01
9.974487492097895824e+01
9.982389596315361757e+01
9.974261717691682350e+01
9.976519461753815676e+01
9.979680303440801481e+01
9.975616364128961777e+01
9.976971010566242626e+01
9.984873114783708559e+01
9.975842138535175252e+01
9.979454529034588006e+01
9.979228754628375953e+01
9.975390589722749723e+01
9.976745236160029151e+01
9.974035943285468875e+01
9.981938047502934808e+01
9.977196784972456101e+01
9.979906077847014956e+01
9.976519461753815676e+01
9.984873114783708559e+01
9.977422559378668154e+01
9.983744242752641185e+01
9.958683283662963959e+01
9.985550438002347562e+01
9.975616364128961777e+01
9.987356633252053939e+01
9.982389596315361757e+01
9.986905084439628411e+01
9.974939040910322774e+01
9.976293687347602201e+01
9.979454529034588006e+01
9.983744242752641185e+01
9.980357626659441905e+01
9.980809175471868855e+01
9.982163821909148282e+01
9.981712273096721333e+01
9.985098889189922033e+01
9.972681296848189447e+01
9.984647340377495084e+01
9.986001986814774511e+01
9.973810168879255400e+01
9.988485505283121313e+01
9.970649327192269595e+01
9.978325657003522053e+01
9.986905084439628411e+01
9.980583401065655380e+01
9.982615370721575232e+01
9.979454529034588006e+01
9.983518468346427710e+01
9.977422559378668154e+01
9.986453535627201461e+01
9.980583401065655380e+01
9.976519461753815676e+01
9.985550438002347562e+01
9.986001986814774511e+01
9.976519461753815676e+01
9.981260724284295804e+01
9.979454529034588006e+01
9.982615370721575232e+01
9.985776212408561037e+01
9.988485505283121313e+01
9.983744242752641185e+01
9.973358620066829872e+01
9.989614377314187266e+01
9.983518468346427710e+01
9.976745236160029151e+01
9.979228754628375953e+01
9.982615370721575232e+01
9.984195791565068134e+01
9.981712273096721333e+01
9.986679310033414936e+01
9.980809175471868855e+01
9.983518468346427710e+01
9.988033956470694363e+01
9.977422559378668154e+01
9.970197778379842646e+01
9.983292693940214235e+01
9.983292693940214235e+01
9.988259730876907838e+01
9.988259730876907838e+01
9.990743249345254640e+01
9.966133839068002942e+01
9.988033956470694363e+01
9.982389596315361757e+01
9.981486498690507858e+01
9.975616364128961777e+01
9.994355639844667394e+01
9.985550438002347562e+01
9.986905084439628411e+01
9.974261717691682350e+01
9.984195791565068134e+01
9.988033956470694363e+01
9.986905084439628411e+01
9.985098889189922033e+01
9.983518468346427710e+01
9.983744242752641185e+01
9.991872121376320592e+01
9.956651314007044107e+01
9.981034949878082330e+01
9.992097895782534067e+01
9.986679310033414936e+01
9.974261717691682350e+01
9.994581414250880869e+01
9.991194798157680168e+01
9.986001986814774511e+01
9.984421565971281609e+01
9.985550438002347562e+01
9.977422559378668154e+01
9.994129865438453919e+01
9.993678316626026970e+01
9.987808182064480889e+01
9.977422559378668154e+01
9.984647340377495084e+01
9.987130858845841885e+01
9.984195791565068134e+01
9.992323670188747542e+01
