9.926601909101009369e+01
5.205165775865316391e+01
3.908641010895371437e+01
3.370003337413072586e+01
2.927956325560808182e+01
2.502962336502969265e+01
2.121089455299079418e+01
1.819416344817727804e+01
1.585069752018898726e+01
1.397531875502318144e+01
1.237429243419319391e+01
1.105623443797230721e+01
9.965817830990999937e+00
8.970595990307629108e+00
8.107141499174758792e+00
7.386125032790005207e+00
6.737662976491264999e+00
6.167894736980088055e+00
5.771024496527388692e+00
5.343350813549477607e+00
4.995720634586177766e+00
4.618132385658100247e+00
4.279171809117542580e+00
4.011946372076636180e+00
3.835909771631122567e+00
3.632249027999932878e+00
3.433560400175338145e+00
3.273984295519767329e+00
3.076906359485292342e+00
2.951564559611142613e+00
2.715400811524887104e+00
2.535804819799523102e+00
2.466472077110665850e+00
2.436765238206135109e+00
2.333950900552736130e+00
2.314409109843836632e+00
2.148235191409185063e+00
2.048227409846731462e+00
1.932829642195429187e+00
1.866480277301889146e+00
1.937471686629578471e+00
2.112278171276557259e+00
2.026520087223616429e+00
1.690575252814596752e+00
1.753670423231596942e+00
1.600160531179426471e+00
1.616762891675534775e+00
1.516873200287591317e+00
1.480381380533799529e+00
1.549194935609193635e+00
1.526464957945790957e+00
1.506714100824638081e+00
1.370083693465403485e+00
1.746928129026400711e+00
1.169066264997127291e+00
1.362031934460901539e+00
1.246937164356950234e+00
1.193968514733683151e+00
1.667288012179596990e+00
1.428674249410391894e+00
1.216338129480845964e+00
1.354120256048418014e+00
1.811892786325415727e+00
1.178339990818813021e+00
1.248684684278146051e+00
1.122918465157340506e+00
1.239523879207240498e+00
1.174469718075670244e+00
1.201092591505812379e+00
1.165200431060611663e+00
1.121767222180096724e+00
1.001985500644082094e+00
1.183432209957118175e+00
1.017617402521153736e+00
1.149135835489516921e+00
1.124417225699005485e+00
9.965864309835694712e-01
9.858725886231241020e-01
9.127267471628783824e-01
1.134990074398274373e+00
1.058535205457559414e+00
1.144632477347187205e+00
9.097528934451872829e-01
8.279963915148726983e-01
1.033481566830374732e+00
9.658733935410737104e-01
7.241587661458197545e-01
9.664208893767849418e-01
9.155120222801969021e-01
8.375690358859295692e-01
9.474986964414426893e-01
9.273943136696729539e-01
6.558703287380538427e-01
9.335501544126856288e-01
7.864786603660967046e-01
8.160677165951497614e-01
8.804432819020462375e-01
8.952444996148916090e-01
1.037454448334258927e+00
7.468595621283249386e-01
9.182539536089198151e-01
7.963515203608970694e-01
9.091132325415856030e-01
6.229226950502564364e-01
8.530321322771072801e-01
6.753515484336940489e-01
1.417084692347666319e+00
5.580292117870673252e-01
9.206240652192487772e-01
5.036037827222155094e-01
6.553256505528082254e-01
5.633131351118070285e-01
9.472342855702784448e-01
8.753054228476013776e-01
7.759628392757629278e-01
6.429294957279738654e-01
7.520820604161819745e-01
7.125451953475550049e-01
6.882855934815896859e-01
6.841436043499520281e-01
6.074068715618003989e-01
9.527405461144118348e-01
6.220879558283303190e-01
5.358499748310827648e-01
9.919190671587216901e-01
5.058419512850234057e-01
1.050994906489890912e+00
7.668548489810447233e-01
5.069783864519926686e-01
7.545026727503025832e-01
6.116910380192627228e-01
7.963606516951073910e-01
6.261593419130159210e-01
8.132106037525960174e-01
5.264556551905585913e-01
6.888046918524663997e-01
8.485703175857710612e-01
5.719257407100477586e-01
5.380358306457571071e-01
8.611564683583405877e-01
6.706910323362349491e-01
7.673014641388472556e-01
6.470572957069721243e-01
5.474409204981354193e-01
4.570721021163985376e-01
5.894716528596783967e-01
9.613729645950155334e-01
4.105011583215781856e-01
6.408903888267134530e-01
8.062698819093598868e-01
7.632735748608405757e-01
6.466617452781215913e-01
5.953224001257839682e-01
6.506096237412528627e-01
4.995564784247943368e-01
7.226729552120045863e-01
6.202879077825580456e-01
4.710300279838248727e-01
8.037537704371658931e-01
1.028070839426041383e+00
6.835227426697243480e-01
5.715095327590068441e-01
4.728386412041361009e-01
4.707438543118755980e-01
3.618991721830776553e-01
1.248929733773473938e+00
4.555379478235102031e-01
6.137984208602675906e-01
6.297226934909727625e-01
8.565336798088414305e-01
2.415371457364082208e-01
5.230423509092880785e-01
5.165745415567889465e-01
8.995533687180966576e-01
5.887686544929982002e-01
4.684138383610934597e-01
4.483356151015593372e-01
5.345385579849440960e-01
6.001205225314418801e-01
5.653653184723301806e-01
3.352958751860067865e-01
1.585557155063114454e+00
6.478997168268668672e-01
2.847106008901444940e-01
4.941813842940089296e-01
8.882170024100772832e-01
2.355826348798069347e-01
3.693207993557242608e-01
5.354232173468678191e-01
5.816448951001527146e-01
5.115225610827781599e-01
7.667922920308515300e-01
2.507313514189944414e-01
2.509314038545468750e-01
4.885272144461494381e-01
7.385002131329133634e-01
5.633365270784509438e-01
4.841019753126598046e-01
5.607323284471878999e-01
2.797738511904355185e-01
