8.697297926992177963e+00
6.692540882155299187e+00
4.432281122542917728e+00
3.699360688216984272e+00
3.354496793821454048e+00
3.035150291398167610e+00
2.794161122292280197e+00
2.565931552555412054e+00
2.367280202917754650e+00
2.175375153310596943e+00
1.995494806673377752e+00
1.880068683065474033e+00
1.701316605089232326e+00
1.569647933822125196e+00
1.437719283858314157e+00
1.374604738317430019e+00
1.266124011483043432e+00
1.194110485957935452e+00
1.090568735264241695e+00
1.021733960253186524e+00
9.718219958012923598e-01
8.940908061340451241e-01
8.607482765801250935e-01
7.923310617334209383e-01
7.669772643712349236e-01
7.523402172955684364e-01
7.518475489341653883e-01
7.351955926278606057e-01
6.888566622510552406e-01
6.439493682701140642e-01
6.165061118372250348e-01
6.044467455067206174e-01
5.748266347509343177e-01
5.800253542984137312e-01
5.196701946188113652e-01
4.968206990743055940e-01
5.015971467655617744e-01
4.955199668620480224e-01
4.412037328002043068e-01
4.450946771430608351e-01
4.150375380122568458e-01
4.108732117383624427e-01
3.922160328947938979e-01
4.094649192265933380e-01
3.988858852389967069e-01
3.933019901523948647e-01
3.924412383130402304e-01
3.622703508553968277e-01
3.278725689378916286e-01
3.559736076240369584e-01
3.478796336275991052e-01
3.601067505642276956e-01
3.303585067769745365e-01
3.121990373829248711e-01
2.833104022411134792e-01
3.136968785111093894e-01
2.934282254082063446e-01
3.225192308027544641e-01
3.099343384055828210e-01
2.906738260398924467e-01
2.716225457807013299e-01
2.600390404409154144e-01
2.722449911143485224e-01
2.805824114202550845e-01
2.611762012356848572e-01
2.438972771942644613e-01
2.440655849950417178e-01
2.873789912664506119e-01
2.679346100740076508e-01
2.682300596170534845e-01
2.265687452504607791e-01
2.531233490076374437e-01
2.449398311578079301e-01
2.722610256810185092e-01
2.241340072295088248e-01
2.422733899786635448e-01
2.497939734375904663e-01
2.246196026322309081e-01
2.184567901438185800e-01
2.891050848784288974e-01
2.720555467840313213e-01
2.272778902988648042e-01
1.951060385665073227e-01
1.965492142535367748e-01
2.164682750617430429e-01
1.992734079048830154e-01
2.213850443042701954e-01
2.111737209658031134e-01
2.156390590991463796e-01
2.201851175561841956e-01
2.361852192256606031e-01
2.248668931762907164e-01
1.857237844145487315e-01
1.844560471387808320e-01
1.672867983600525577e-01
1.763242602772407963e-01
1.975459205528409257e-01
2.291288650705496366e-01
1.725633964863959591e-01
2.054212274551474593e-01
2.344318893541412763e-01
1.797728702850918125e-01
1.518090956534123848e-01
1.525443467434257627e-01
1.738419020371111401e-01
1.527489500965870661e-01
1.627322356562217465e-01
1.662318665224802317e-01
1.900294133117768069e-01
1.435573149396134340e-01
1.575569623870833880e-01
1.637635329147784091e-01
1.626066498863352194e-01
1.548797261986862850e-01
1.438500326694764908e-01
1.571685714181683124e-01
1.363206663840621502e-01
1.389002481178618353e-01
1.534982896802432606e-01
1.496631596739530501e-01
1.219137403165433398e-01
1.361656557686830027e-01
1.396733026270560174e-01
1.927789954497711733e-01
1.560095498323530450e-01
1.160825346166394212e-01
1.611104628640225300e-01
1.451572893101382711e-01
1.346978875629645245e-01
1.294317075677735573e-01
1.365976556673107467e-01
1.949401096402034739e-01
1.647773284363118762e-01
1.364975581287852791e-01
1.130967171416390471e-01
1.188380048295449853e-01
1.657487931557346528e-01
1.522877716952253380e-01
1.300937818659192446e-01
1.383037650728091705e-01
1.330089255564201878e-01
1.419187528312040314e-01
1.618035548040587246e-01
1.094797713492895452e-01
1.136194027388437999e-01
1.647473453437400259e-01
1.376636295672453159e-01
1.399910458651998368e-01
1.430432658417648550e-01
1.253655119974157461e-01
1.559772590641415047e-01
1.047954812128065183e-01
1.018004000778098828e-01
1.045263359164393391e-01
1.393134555271200448e-01
1.564054977266753355e-01
1.139962384157180431e-01
1.172450747611635813e-01
1.901219937494400547e-01
1.301869885570425822e-01
1.140693749540114821e-01
1.196029009675418919e-01
1.525978963696230650e-01
1.183581192581068531e-01
1.057251038181589720e-01
1.151181959673776845e-01
1.050035990734101421e-01
9.771015809551675257e-02
1.803691320885847382e-01
1.297701869321722379e-01
1.083603714991168976e-01
1.291002724974674720e-01
1.338654966092962528e-01
1.259759169905200760e-01
1.027720412672311345e-01
1.183546844663971032e-01
1.414960268609068150e-01
1.341658218806121572e-01
1.000451877613294654e-01
1.105840810499898741e-01
1.252046561026706750e-01
1.026809492770530824e-01
1.061475816672519529e-01
1.004782347650685637e-01
1.358616911565847518e-01
1.647116155646690394e-01
1.146308941799686482e-01
1.492803055609201734e-01
1.429055629045801745e-01
1.024743180803487919e-01
1.293061383661154029e-01
1.211998793538331953e-01
1.033879020974055873e-01
1.149043675305349010e-01
9.347424560742738364e-02
1.525019993802390894e-01
1.217643265948621101e-01
1.194334815358454732e-01
9.282944649598384723e-02
8.497336343085219734e-02
