1.671541800339686645e+01
4.242781656916399413e+01
6.397905265144366638e+01
7.034346103038309650e+01
7.340064163049632384e+01
7.630213247782600661e+01
7.855255708624268607e+01
8.061426684280053223e+01
8.242121154934893923e+01
8.414795244385733497e+01
8.569541422909982487e+01
8.659180977542932567e+01
8.791753160973767933e+01
8.914417814682015262e+01
9.018682770334025633e+01
9.071051141724854006e+01
9.153613889413097127e+01
9.198905453859218539e+01
9.282883562936403621e+01
9.329118701641819200e+01
9.362143800717116449e+01
9.419701830534063447e+01
9.436214380071712071e+01
9.481977731647481278e+01
9.510756746555954066e+01
9.505095301000189068e+01
9.505095301000189068e+01
9.517361766371013232e+01
9.553217588224192980e+01
9.578222306095489103e+01
9.604642385355727185e+01
9.612190979430080517e+01
9.635780335912436101e+01
9.628231741838082769e+01
9.673051519154557809e+01
9.683430836006793641e+01
9.674466880543498348e+01
9.678241177580675014e+01
9.718343083600679222e+01
9.722117380637855888e+01
9.735799207397622013e+01
9.739101717305152306e+01
9.752783544064918431e+01
9.740988865823740639e+01
9.745706737120211471e+01
9.750896395546330098e+01
9.744763162860917305e+01
9.769767880732213428e+01
9.793357237214569011e+01
9.773070390639743721e+01
9.778731836195508720e+01
9.767880732213625095e+01
9.790998301566332884e+01
9.800434044159275970e+01
9.819305529345159300e+01
9.802321192677864303e+01
9.810341573881864008e+01
9.796187959992451511e+01
9.806095489715040969e+01
9.813644083789394301e+01
9.829684846197395132e+01
9.836761653142102091e+01
9.822136252123041800e+01
9.819777316474807094e+01
9.834402717493867385e+01
9.846669182864691550e+01
9.846197395735043756e+01
9.817418380826570967e+01
9.832515568975279052e+01
9.826382336289866259e+01
9.857520286846575175e+01
9.837705227401396257e+01
9.843838460086809050e+01
9.827797697678806799e+01
9.858463861105869341e+01
9.843838460086809050e+01
9.843366672957161256e+01
9.861766371013398214e+01
9.861294583883751841e+01
9.814115870919040674e+01
9.822136252123041800e+01
9.857048499716927381e+01
9.881109643328929337e+01
9.877807133421400465e+01
9.866956029439516840e+01
9.873561049254576005e+01
9.858463861105869341e+01
9.869314965087752967e+01
9.862709945272692380e+01
9.857992073976221548e+01
9.845253821475749589e+01
9.853745989809398509e+01
9.884412153236459631e+01
9.882525004717871298e+01
9.892904321570107129e+01
9.888186450273636297e+01
9.873089262124929633e+01
9.852330628420456549e+01
9.893847895829401295e+01
9.874976410643517966e+01
9.850443479901868216e+01
9.885355727495753797e+01
9.904698999811284921e+01
9.906586148329873254e+01
9.888658237403284090e+01
9.904227212681638548e+01
9.897622192866577961e+01
9.896206831477637422e+01
9.879694281939988798e+01
9.910832232496697713e+01
9.900924702774108255e+01
9.895263257218343256e+01
9.896678618607283795e+01
9.900924702774108255e+01
9.909416871107755753e+01
9.899509341385167716e+01
9.915078316663520752e+01
9.916493678052462712e+01
9.901396489903756049e+01
9.905170786940932715e+01
9.923570484997169672e+01
9.915550103793168546e+01
9.912247593885638253e+01
9.878750707680694632e+01
9.900452915644461882e+01
9.928760143423286877e+01
9.901396489903756049e+01
9.908473296848461587e+01
9.916493678052462712e+01
9.921211549348933545e+01
9.913662955274580213e+01
9.875919984902812132e+01
9.894319682959049089e+01
9.919324400830345212e+01
9.932062653330817170e+01
9.930175504812228837e+01
9.895263257218343256e+01
9.903283638422344382e+01
9.919796187959993006e+01
9.914606529533874379e+01
9.917437252311756879e+01
9.913191168144932419e+01
9.900924702774108255e+01
9.934421588979053297e+01
9.928760143423286877e+01
9.895735044347989628e+01
9.914606529533874379e+01
9.913662955274580213e+01
9.910360445367049920e+01
9.924042272126816044e+01
9.901868277033402421e+01
9.934421588979053297e+01
9.938195886016229963e+01
9.935836950367993836e+01
9.913191168144932419e+01
9.903283638422344382e+01
9.928760143423286877e+01
9.926872994904698544e+01
9.878278920551046838e+01
9.920739762219287172e+01
9.932534440460463543e+01
9.927344782034346338e+01
9.907529722589167420e+01
9.928288356293640504e+01
9.935836950367993836e+01
9.930175504812228837e+01
9.938667673145876336e+01
9.940554821664464669e+01
9.889601811662578257e+01
9.920739762219287172e+01
9.932534440460463543e+01
9.921683336478581339e+01
9.916021890922814919e+01
9.922626910737875505e+01
9.939139460275524129e+01
9.928760143423286877e+01
9.913191168144932419e+01
9.914606529533874379e+01
9.940554821664464669e+01
9.931590866201169376e+01
9.923098697867521878e+01
9.938667673145876336e+01
9.935365163238347463e+01
9.938667673145876336e+01
9.913191168144932419e+01
9.899981128514814088e+01
9.928760143423286877e+01
9.908945083978109380e+01
9.912719381015286046e+01
9.942441970183053002e+01
9.920739762219287172e+01
9.926401207775052171e+01
9.939611247405170502e+01
9.930647291941875210e+01
9.944800905831289128e+01
9.908001509718815214e+01
9.928288356293640504e+01
9.925457633515758005e+01
9.946216267220229668e+01
9.949518777127759961e+01
