8.782519496977329254e+00
7.304266408085823059e+00
6.232298443093895912e+00
5.488832436501979828e+00
4.916191795840859413e+00
4.425154815427958965e+00
4.015003056265413761e+00
3.643984175287187099e+00
3.319208569824695587e+00
3.045668196864426136e+00
2.803323514759540558e+00
2.562711082398891449e+00
2.383357084821909666e+00
2.253288720268756151e+00
2.140489388722926378e+00
2.031471880618482828e+00
1.902645797934383154e+00
1.798605147749185562e+00
1.695219006389379501e+00
1.624456616118550301e+00
1.545470270561054349e+00
1.482484840787947178e+00
1.380790791707113385e+00
1.278697182890027761e+00
1.140732249710708857e+00
1.072066047927364707e+00
1.015905212960205972e+00
9.725850883405655622e-01
9.489699257537722588e-01
9.190766106476075947e-01
8.867801004089415073e-01
8.427490619942545891e-01
8.078550010686740279e-01
7.732154622208327055e-01
7.445823090383782983e-01
7.421146735432557762e-01
6.933792143536265939e-01
6.468028003582730889e-01
6.058478101040236652e-01
5.583496706385631114e-01
5.228598873363807797e-01
5.194879148912150413e-01
5.102148457954172045e-01
5.103404446999775246e-01
4.998173080093692988e-01
4.833137217356124893e-01
4.704559175734175369e-01
4.325993000384187326e-01
4.306555055300123058e-01
4.069471620314288884e-01
4.060969397905864753e-01
3.879268623277312145e-01
3.704521963591105305e-01
3.591034187811601441e-01
3.547099882125621662e-01
3.321192659350344911e-01
3.279266545468999539e-01
3.204522695959894918e-01
3.084951194032328203e-01
3.137316766988078598e-01
3.193638031225418672e-01
3.131888421667099465e-01
2.909211683218018152e-01
2.938531178633638774e-01
2.777894612663658336e-01
2.714279409283335553e-01
2.762446476281184005e-01
2.731185787361027906e-01
2.643667762968107127e-01
2.651754108155728318e-01
2.628500088576402050e-01
2.684739149181041284e-01
2.600479151242325315e-01
2.724416403707436984e-01
2.595623112993052928e-01
2.357107250900298823e-01
2.441496092560555553e-01
2.393088840944983531e-01
2.441536903088490362e-01
2.309116860265021387e-01
2.227783355592691805e-01
2.408227809619347681e-01
2.277763026368120336e-01
2.178989575313607929e-01
2.162739896575658349e-01
2.264371522937835834e-01
2.135926947576081147e-01
2.027460448634883505e-01
2.105081591453199508e-01
2.066727071764944412e-01
2.018559563261987932e-01
2.084657100604090374e-01
2.042736092189443298e-01
1.974404367515489866e-01
1.824545475337799871e-01
1.712578360099996644e-01
1.769557276020350400e-01
1.745062662030250067e-01
1.622296893515340344e-01
1.661992226378288251e-01
1.774477092648112375e-01
1.654075702256250224e-01
1.695269431743327004e-01
1.611585821599419432e-01
1.653685597132152907e-01
1.772576689443212672e-01
1.719337813713082141e-01
1.715759264977805287e-01
1.570150836398624961e-01
1.516603251773176453e-01
1.638095259468173026e-01
1.542071824678714620e-01
1.589458113085129298e-01
1.420902891270543478e-01
1.499370165292930324e-01
1.565753067734476645e-01
1.388437220805371908e-01
1.365472087504713272e-01
1.586937763436253590e-01
1.417505813960815431e-01
1.464655482454872981e-01
1.427869736405682488e-01
1.304029205784900114e-01
1.379047778789299628e-01
1.398980049559668259e-01
1.429291300871682324e-01
1.322158814771228208e-01
1.314619803524692543e-01
1.209443389449234019e-01
1.354137636706127523e-01
1.216078637780810823e-01
1.191600327158539585e-01
1.194801034590682320e-01
1.223220843452281770e-01
1.235257150387951697e-01
1.796830645841964724e-01
1.485134246138386516e-01
1.156133397281564612e-01
1.205537556157878498e-01
1.187731308261845697e-01
1.178772388567495000e-01
1.086906063770811670e-01
1.234142973740972593e-01
1.247713086157773432e-01
1.250901218638773571e-01
1.147847750972914582e-01
9.783636027589182049e-02
8.211966321226782384e-02
7.644533048187440727e-02
7.852848587845073780e-02
8.212400827733290498e-02
8.759571019544409864e-02
7.834853445905309854e-02
8.986903898698983539e-02
7.895834141385194016e-02
8.005051444995103793e-02
7.829130717550469853e-02
9.486844148432282964e-02
9.427840822661437414e-02
7.558069039134807099e-02
7.553215213823705199e-02
6.951849756421779603e-02
6.560453622694240039e-02
6.943737858955500997e-02
7.469924838545694001e-02
1.224335905669704516e-01
6.686307388264367546e-02
4.129638544100089348e-02
2.984193185451289310e-02
2.942470560873289287e-02
2.899858075227967902e-02
2.817969030260769614e-02
2.901562595783957477e-02
3.131453678841467081e-02
2.951625693584958299e-02
1.428614667288456985e-01
4.730477993321358099e-02
3.048640109118139208e-02
2.712516652150043228e-02
2.558246138337949560e-02
2.547866994039793553e-02
2.603882789730960212e-02
2.557064898090288807e-02
3.103437041423262599e-02
8.474166319035703054e-02
4.377148803840213986e-02
5.203090832407042399e-02
2.812056871932355762e-02
2.677615350720330412e-02
2.544963286104717781e-02
4.982778127536136026e-02
5.473365141185126959e-02
6.077837911760752831e-02
2.642089876677999882e-02
2.722816312165932118e-02
2.576212955257872750e-02
2.738947067844321737e-02
3.588234987335425785e-02
4.586753839112134301e-02
5.953059304378882644e-02
