1.592753349688620546e+01
3.697395735044347731e+01
4.830628420456690009e+01
5.576523872428759887e+01
6.115304774485751693e+01
6.579071522928855131e+01
6.958860162294772067e+01
7.282506133232685386e+01
7.573598792224947829e+01
7.810435931307793567e+01
8.013776184185695683e+01
8.205793545952066381e+01
8.351103981883373706e+01
8.442158897905265746e+01
8.527552368371391367e+01
8.615304774485751693e+01
8.712021136063408733e+01
8.779014908473297396e+01
8.856859784865068264e+01
8.909699943385544429e+01
8.961124740517078635e+01
9.010662389130024508e+01
9.082845819966031797e+01
9.152198528024155166e+01
9.253632760898283038e+01
9.295621815436875579e+01
9.336667295716172532e+01
9.372523117569352280e+01
9.389035667107000904e+01
9.407435365163237861e+01
9.435270805812417905e+01
9.463106246461596527e+01
9.482921305906775444e+01
9.512643895074542399e+01
9.531515380260427150e+01
9.530100018871485190e+01
9.564068692206076605e+01
9.585299113040196062e+01
9.613134553689374684e+01
9.637667484431024434e+01
9.656538969616909185e+01
9.659841479524438057e+01
9.670220796376675310e+01
9.668333647858086977e+01
9.678241177580675014e+01
9.693338365729383099e+01
9.697112662766559765e+01
9.720702019248915349e+01
9.724004529156444221e+01
9.731553123230798974e+01
9.735799207397622013e+01
9.749481034157388137e+01
9.756086053972447303e+01
9.766465370824684555e+01
9.771183242121155388e+01
9.781090771843743426e+01
9.785808643140215679e+01
9.791470088695980678e+01
9.799490469899981804e+01
9.794300811473863178e+01
9.799018682770334010e+01
9.799018682770334010e+01
9.808926212492923469e+01
9.810341573881864008e+01
9.819305529345159300e+01
9.824023400641630133e+01
9.818833742215512927e+01
9.824023400641630133e+01
9.829213059067748759e+01
9.827325910549160426e+01
9.831571994715983465e+01
9.828741271938100965e+01
9.829213059067748759e+01
9.824966974900924299e+01
9.834402717493867385e+01
9.843838460086809050e+01
9.845253821475749589e+01
9.849028118512927676e+01
9.840064163049632384e+01
9.849499905642574049e+01
9.852802415550104342e+01
9.844310247216455423e+01
9.850915267031516009e+01
9.857048499716927381e+01
9.859407435365163508e+01
9.854217776939044882e+01
9.860822796754104047e+01
9.867427816569164634e+01
9.865540668050574880e+01
9.867427816569164634e+01
9.870258539347047133e+01
9.866012455180222673e+01
9.869786752217399339e+01
9.873089262124929633e+01
9.882525004717871298e+01
9.888186450273636297e+01
9.881109643328929337e+01
9.888186450273636297e+01
9.892432534440460756e+01
9.888658237403284090e+01
9.885355727495753797e+01
9.892432534440460756e+01
9.890545385921872423e+01
9.895735044347989628e+01
9.896206831477637422e+01
9.880637856199282965e+01
9.889130024532930463e+01
9.892432534440460756e+01
9.899509341385167716e+01
9.901868277033402421e+01
9.895735044347989628e+01
9.899981128514814088e+01
9.896678618607283795e+01
9.908473296848461587e+01
9.902811851292696588e+01
9.900924702774108255e+01
9.909888658237403547e+01
9.912247593885638253e+01
9.901396489903756049e+01
9.909888658237403547e+01
9.907529722589167420e+01
9.911304019626344086e+01
9.916965465182110506e+01
9.915550103793168546e+01
9.912719381015286046e+01
9.909416871107755753e+01
9.915078316663520752e+01
9.917909039441404673e+01
9.923570484997169672e+01
9.916493678052462712e+01
9.923098697867521878e+01
9.924985846386110211e+01
9.924514059256463838e+01
9.921683336478581339e+01
9.923570484997169672e+01
9.893847895829401295e+01
9.908473296848461587e+01
9.927816569163992710e+01
9.924514059256463838e+01
9.926401207775052171e+01
9.928760143423286877e+01
9.932062653330817170e+01
9.924042272126816044e+01
9.923098697867521878e+01
9.923570484997169672e+01
9.930175504812228837e+01
9.939611247405170502e+01
9.949046989998112167e+01
9.951877712775996088e+01
9.951405925646348294e+01
9.948103415738818001e+01
9.945744480090583295e+01
9.951877712775996088e+01
9.945744480090583295e+01
9.951405925646348294e+01
9.950934138516701921e+01
9.950934138516701921e+01
9.940554821664464669e+01
9.943857331571994962e+01
9.954236648424230793e+01
9.953293074164936627e+01
9.958010945461407459e+01
9.962257029628231919e+01
9.958954519720701626e+01
9.957067371202113293e+01
9.922626910737875505e+01
9.955180222683524960e+01
9.975938856387998044e+01
9.980656727684468876e+01
9.981600301943763043e+01
9.981600301943763043e+01
9.981600301943763043e+01
9.981600301943763043e+01
9.981128514814115249e+01
9.981600301943763043e+01
9.904698999811284921e+01
9.970277410832233045e+01
9.981128514814115249e+01
9.983487450462351376e+01
9.983487450462351376e+01
9.983959237591999170e+01
9.983959237591999170e+01
9.983959237591999170e+01
9.980656727684468876e+01
9.944800905831289128e+01
9.974523494999056084e+01
9.968390262313644712e+01
9.983015663332703582e+01
9.984431024721645542e+01
9.984431024721645542e+01
9.969805623702585251e+01
9.968390262313644712e+01
9.961785242498584125e+01
9.984431024721645542e+01
9.983487450462351376e+01
9.984431024721645542e+01
9.983959237591999170e+01
9.978297792036232750e+01
9.972636346480467751e+01
9.960369881109643586e+01
