1.577656161539913171e+01
4.607473108133610395e+01
6.464427250424608928e+01
7.002736365351952941e+01
7.299490469899981804e+01
7.561804113983770037e+01
7.786374787695791611e+01
7.955274580109454519e+01
8.128420456689941886e+01
8.272787318361955045e+01
8.387431590866201248e+01
8.478014719758445494e+01
8.567654274391394154e+01
8.669088507265522026e+01
8.713436497452349272e+01
8.786091715418002934e+01
8.835629364030948807e+01
8.917248537459897761e+01
8.982826948480845886e+01
9.053595017927911215e+01
9.112568409133798752e+01
9.143234572560859874e+01
9.195602943951689667e+01
9.259294206454048037e+01
9.296565389696169746e+01
9.339969805623702825e+01
9.409322513681826194e+01
9.437629741460652610e+01
9.463106246461596527e+01
9.512172107944894606e+01
9.535289677297603816e+01
9.561709756557840478e+01
9.579165880354783269e+01
9.601339875448198313e+01
9.607473108133609685e+01
9.656067182487261391e+01
9.662672202302320557e+01
9.692394791470088933e+01
9.698999811285148098e+01
9.688620494432912267e+01
9.711738063785620056e+01
9.705133043970560891e+01
9.732496697490093140e+01
9.690507642951500600e+01
9.729194187582562847e+01
9.726835251934326720e+01
9.737686355916210346e+01
9.775429326287978427e+01
9.766465370824684555e+01
9.780147197584449259e+01
9.771183242121155388e+01
9.810813361011511802e+01
9.819777316474807094e+01
9.809397999622569841e+01
9.799962257029628176e+01
9.805151915455746803e+01
9.802792979807510676e+01
9.839120588790338218e+01
9.821664464993395427e+01
9.844782034346103217e+01
9.824966974900924299e+01
9.823079826382335966e+01
9.810341573881864008e+01
9.839592375919984590e+01
9.834874504623513758e+01
9.848084544253632089e+01
9.808926212492923469e+01
9.847612757123985716e+01
9.877335346291752671e+01
9.846197395735043756e+01
9.869314965087752967e+01
9.858935648235515714e+01
9.861766371013398214e+01
9.872145687865635466e+01
9.870730326476693506e+01
9.848556331383279883e+01
9.791470088695980678e+01
9.881109643328929337e+01
9.893847895829401295e+01
9.891960747310812962e+01
9.882525004717871298e+01
9.877807133421400465e+01
9.891960747310812962e+01
9.843838460086809050e+01
9.872145687865635466e+01
9.894791470088695462e+01
9.879222494810341004e+01
9.866484242309870467e+01
9.878278920551046838e+01
9.872145687865635466e+01
9.904227212681638548e+01
9.877807133421400465e+01
9.862709945272692380e+01
9.892432534440460756e+01
9.913662955274580213e+01
9.908945083978109380e+01
9.896678618607283795e+01
9.900452915644461882e+01
9.907529722589167420e+01
9.906114361200226881e+01
9.908473296848461587e+01
9.895263257218343256e+01
9.883940366106813258e+01
9.875919984902812132e+01
9.872617474995281839e+01
9.874976410643517966e+01
9.891017173051518796e+01
9.917437252311756879e+01
9.903755425551990754e+01
9.899509341385167716e+01
9.912247593885638253e+01
9.895735044347989628e+01
9.905170786940932715e+01
9.913191168144932419e+01
9.916965465182110506e+01
9.905170786940932715e+01
9.901868277033402421e+01
9.919324400830345212e+01
9.919796187959993006e+01
9.873561049254576005e+01
9.892904321570107129e+01
9.914606529533874379e+01
9.891488960181166590e+01
9.908001509718815214e+01
9.906114361200226881e+01
9.917437252311756879e+01
9.908945083978109380e+01
9.926872994904698544e+01
9.882996791847519091e+01
9.908001509718815214e+01
9.914134742404226586e+01
9.919796187959993006e+01
9.916965465182110506e+01
9.925929420645404377e+01
9.919324400830345212e+01
9.899981128514814088e+01
9.903755425551990754e+01
9.920739762219287172e+01
9.898093979996225755e+01
9.903283638422344382e+01
9.920267975089639378e+01
9.920267975089639378e+01
9.933006227590111337e+01
9.889601811662578257e+01
9.901868277033402421e+01
9.934421588979053297e+01
9.917909039441404673e+01
9.934421588979053297e+01
9.899509341385167716e+01
9.932534440460463543e+01
9.931119079071523004e+01
9.915078316663520752e+01
9.921211549348933545e+01
9.903755425551990754e+01
9.924985846386110211e+01
9.933006227590111337e+01
9.936780524627288003e+01
9.920267975089639378e+01
9.894791470088695462e+01
9.935365163238347463e+01
9.920739762219287172e+01
9.916965465182110506e+01
9.888658237403284090e+01
9.936780524627288003e+01
9.916965465182110506e+01
9.919796187959993006e+01
9.922626910737875505e+01
9.920267975089639378e+01
9.930647291941875210e+01
9.917909039441404673e+01
9.933006227590111337e+01
9.940083034534818296e+01
9.907529722589167420e+01
9.925457633515758005e+01
9.922155123608227711e+01
9.917437252311756879e+01
9.940554821664464669e+01
9.927816569163992710e+01
9.930647291941875210e+01
9.930175504812228837e+01
9.907057935459521048e+01
9.909416871107755753e+01
9.927344782034346338e+01
9.933478014719759130e+01
9.923570484997169672e+01
9.927816569163992710e+01
9.894319682959049089e+01
9.920739762219287172e+01
9.922626910737875505e+01
9.942441970183053002e+01
9.936308737497641630e+01
9.940083034534818296e+01
9.894791470088695462e+01
9.925929420645404377e+01
9.901868277033402421e+01
9.929231930552934671e+01
9.942913757312700795e+01
9.943857331571994962e+01
9.915550103793168546e+01
9.908473296848461587e+01
