8.800326470285654068e+00
6.420148411765694618e+00
4.410256903618574142e+00
3.769799982197582722e+00
3.416632665321230888e+00
3.115569235756993294e+00
2.857548669911921024e+00
2.662353881634771824e+00
2.490020993631333113e+00
2.321593402884900570e+00
2.191148575395345688e+00
2.083642138633877039e+00
1.993629469070583582e+00
1.854214656632393599e+00
1.788674319628626108e+00
1.694080242887139320e+00
1.649165836628526449e+00
1.533035109750926495e+00
1.474380485713481903e+00
1.369704144657589495e+00
1.301916886353865266e+00
1.266724683111533523e+00
1.191300920560024679e+00
1.106824100948870182e+00
1.063473393325693905e+00
1.013960139942355454e+00
9.119411058491095901e-01
8.595597078092396259e-01
8.185059982351958752e-01
7.611359829897992313e-01
7.154718198871705681e-01
6.805390851222909987e-01
6.528404355922248214e-01
6.186162554658949375e-01
6.192445296328514814e-01
5.381789842358557507e-01
5.283976144419284537e-01
4.926464893942466006e-01
4.843755022011464462e-01
4.760880518151680008e-01
4.504906223883153871e-01
4.628881062672007829e-01
4.247959392596385442e-01
4.713990157615626231e-01
4.299912213209609035e-01
4.314271796320099384e-01
4.009012741807964630e-01
3.528444629519071896e-01
3.532111478707520291e-01
3.444355951069155708e-01
3.576374135700461920e-01
3.027066411123087164e-01
2.885019528184784576e-01
3.055098676541092573e-01
3.148343965804087929e-01
3.077677479341218714e-01
3.078676375516806729e-01
2.555559407860528154e-01
2.818434186069680436e-01
2.469164985745919694e-01
2.723364216085428779e-01
2.694092949969899564e-01
2.941999273473356880e-01
2.528365838788886322e-01
2.567221033295936650e-01
2.304041042079916224e-01
2.913639559992589056e-01
2.363771360135160648e-01
1.936967633439508063e-01
2.297582948431227123e-01
2.074184674352181901e-01
2.194460400783100340e-01
2.143533222894689061e-01
1.957329676045844735e-01
2.034294166369363666e-01
2.343236721280845813e-01
3.201530590258698794e-01
1.856243938347859057e-01
1.683303594228391376e-01
1.691478853674084348e-01
1.843809998199503752e-01
1.953940761412127358e-01
1.748966473139716982e-01
2.398748080036057218e-01
1.991882994918796612e-01
1.693851808033457473e-01
1.846268835275282072e-01
2.081710428271321689e-01
2.018899690051512152e-01
1.980787808271173844e-01
1.535463890507600127e-01
1.924721426421456272e-01
2.113324175077195832e-01
1.666131742464358467e-01
1.459217301001771716e-01
1.465978568559123119e-01
1.694097908050480328e-01
1.549085370764657910e-01
1.506261035087845812e-01
1.495884975484500501e-01
1.450696979690349053e-01
1.654170632684213160e-01
1.833648918100578840e-01
2.005841720502132830e-01
2.037660966140606433e-01
1.959364395395368774e-01
1.712850342549854243e-01
1.344100491408610765e-01
1.531216147203053879e-01
1.606182441169003994e-01
1.398166047955697877e-01
1.674551629683804777e-01
1.550953479029715254e-01
1.395784648712661280e-01
1.380566753758074583e-01
1.509434253223673750e-01
1.591634346011328027e-01
1.294801640089602301e-01
1.353720689855890669e-01
2.030131637804988287e-01
1.762788143729210333e-01
1.400484754732396198e-01
1.662740484332153601e-01
1.502639053494938537e-01
1.489075320051096440e-01
1.326821806943652149e-01
1.430956766897271137e-01
1.214666751962949487e-01
1.786398662854278285e-01
1.455750650717693162e-01
1.327579751505552075e-01
1.312127444247046526e-01
1.285565916505317929e-01
1.208788219779943773e-01
1.312613078079643003e-01
1.573387438901949764e-01
1.496543501675393628e-01
1.305106855907709473e-01
1.616079637330877783e-01
1.555623344202849978e-01
1.324120465939744307e-01
1.303921793344085256e-01
1.127066564203281773e-01
1.726202298023156168e-01
1.562751781564348796e-01
1.079484850677657759e-01
1.318708310146161633e-01
1.082546967364849400e-01
1.576292165613768503e-01
1.136665958314683200e-01
1.092098061281214783e-01
1.411707932431702228e-01
1.254207375313533546e-01
1.537355635024297840e-01
1.224523672608172076e-01
1.110787105397987862e-01
1.045451228805332894e-01
1.323354321901941688e-01
1.770152492942314026e-01
1.106449901270404601e-01
1.297269398457316925e-01
1.361931743393160477e-01
1.859414318208887362e-01
1.078941475534490602e-01
1.404708658206807737e-01
1.310820250517501506e-01
1.246547059903383714e-01
1.313983936821374043e-01
1.155106808839974630e-01
1.358234985350508794e-01
1.128967739443474394e-01
9.983003623230443657e-02
1.478318527992003584e-01
1.252838089322240167e-01
1.294699050075363844e-01
1.403049066017454660e-01
1.003480516641731823e-01
1.177354431474141455e-01
1.138271691057259616e-01
1.147917746335365141e-01
1.494496676905009980e-01
1.504543503554610084e-01
1.197029716777023717e-01
1.101895806886746543e-01
1.193508574436253356e-01
1.218929883700892863e-01
1.703644776572059705e-01
1.292903276587217543e-01
1.273907916726747802e-01
9.687825191122113877e-02
1.096765550758706659e-01
9.998076457398846761e-02
1.736450234066153619e-01
1.223706064299627805e-01
1.625140902653233743e-01
1.190621092806893183e-01
9.914224387862352605e-02
9.667865425498731180e-02
1.396829118278024584e-01
1.525193422610929828e-01
