9.850416871015204023e-01
1.000000000000000000e+00
1.000000000000000000e+00
9.962499999999999689e-01
9.925000000000000488e-01
1.000000000000000000e+00
1.000000000000000000e+00
1.000000000000000000e+00
1.000000000000000000e+00
9.925000000000000488e-01
9.975000000000000533e-01
1.000000000000000000e+00
1.000000000000000000e+00
9.987500000000000266e-01
9.987500000000000266e-01
9.925000000000000488e-01
9.862499999999999600e-01
1.000000000000000000e+00
1.000000000000000000e+00
9.837500000000000133e-01
1.000000000000000000e+00
9.949999999999999956e-01
