2.202380952380952189e-03
4.980575754557226703e-05
0.000000000000000000e+00
1.045920908457017608e-03
2.490287877278613352e-04
4.980575754557226703e-05
0.000000000000000000e+00
0.000000000000000000e+00
0.000000000000000000e+00
4.482518179101504033e-04
3.486403028190058692e-04
0.000000000000000000e+00
0.000000000000000000e+00
0.000000000000000000e+00
0.000000000000000000e+00
6.972806056380117384e-04
3.984460603645781362e-04
0.000000000000000000e+00
4.980575754557226703e-05
9.961151509114453406e-05
1.494172726367168011e-04
2.490287877278613352e-04
