8.748343851417303085e+00
6.679531568661332130e+00
4.209679793566465378e+00
3.345214270986616611e+00
2.873610125854611397e+00
2.549848312512040138e+00
2.282207450363785028e+00
2.054705872666090727e+00
1.864676221739500761e+00
1.709287404548376799e+00
1.583339008968323469e+00
1.440310945268720388e+00
1.305524741299450397e+00
1.235469413455575705e+00
1.129329641466028988e+00
1.119649700936861336e+00
1.017495476058684289e+00
9.608543440699577332e-01
9.246878153644502163e-01
8.554038704605773091e-01
8.037537123309448361e-01
7.565893714781850576e-01
6.779386442212853581e-01
6.134025822248077020e-01
5.820025087014073506e-01
5.833533855911809951e-01
5.434342687658499926e-01
4.795384616591036320e-01
4.641464274318423122e-01
4.510400433136965148e-01
4.192143123946152627e-01
3.956061308126663789e-01
3.618451383008505218e-01
3.567532018350902945e-01
3.731792101752944291e-01
3.142682501274975948e-01
2.828169995700591244e-01
2.510030084631580394e-01
2.444483962617596262e-01
2.438515025387459900e-01
2.719253262184793130e-01
2.163934408954446553e-01
2.210216758649039548e-01
2.128201733553396480e-01
2.069232113262842176e-01
2.166248843477660557e-01
2.402392752223931893e-01
2.116795524450481025e-01
1.630868660456599173e-01
1.917755173324167117e-01
1.774259760570657818e-01
1.666590676827581774e-01
1.583311487461287470e-01
1.374066775897517800e-01
1.354148564473689476e-01
1.753122574314147641e-01
1.963086317410898118e-01
1.436593636487941694e-01
1.745005255804699118e-01
1.789100867753177226e-01
1.300908380163718903e-01
1.153010061473480619e-01
1.211104846653370259e-01
1.488569611684624761e-01
1.332889749376988675e-01
1.834051868913775252e-01
1.029808828085663208e-01
9.324244197316033933e-02
1.060110185378562164e-01
1.036396123634375499e-01
1.722954461386052571e-01
1.530853987141753692e-01
1.091629041829911273e-01
1.374495416822583138e-01
8.382791459159477654e-02
7.674458449363896761e-02
7.077959329305372194e-02
2.010421334880447830e-01
1.730540915792104784e-01
1.028100208239166591e-01
7.589238397143827086e-02
9.756260768045965648e-02
1.023076037994172793e-01
1.041429700846965289e-01
7.650940537121053708e-02
1.082646955688986168e-01
2.589346498137388153e-01
1.234166020751565895e-01
8.912400067717207719e-02
1.049474755586317087e-01
1.082841474867812792e-01
1.026084912016997919e-01
9.273067532766443577e-02
7.360487197910647872e-02
8.863715507649283509e-02
1.422871899271243024e-01
7.760235850156638193e-02
1.228537125551625309e-01
1.004769600507586791e-01
1.013307102486127320e-01
8.184500027939733968e-02
1.142753096700227095e-01
1.013076651686795060e-01
9.263999951216250750e-02
1.355417165366361587e-01
9.167093686403227082e-02
7.286044551431303251e-02
8.442505945726042071e-02
1.420703417489799780e-01
1.047549137704745503e-01
9.145885080534821299e-02
6.338424700129263734e-02
7.727604200507977306e-02
1.017286892474240645e-01
1.110431351752865226e-01
1.006999326714414222e-01
7.889791570666292164e-02
1.258546404554148346e-01
1.018607182878410455e-01
1.556425554768272046e-01
1.097888454421994675e-01
6.963717883415820875e-02
5.524887399102185181e-02
8.574022063015669659e-02
7.071817060102633667e-02
9.228083260896613460e-02
1.458201064352440124e-01
6.096334518707949290e-02
8.178506308116706425e-02
8.791896562989434671e-02
6.523573788132754070e-02
1.436485919629609809e-01
1.511574574365611712e-01
1.238916473477691405e-01
9.719807669248403670e-02
9.845401161176416116e-02
1.065570835019233886e-01
8.939275210523049686e-02
8.496105099767248259e-02
8.541302057395241953e-02
1.052986975713174622e-01
7.957585627717983501e-02
8.781778647764754142e-02
1.165914362135256066e-01
8.017559587323190573e-02
7.528712332364960458e-02
1.123887412466760688e-01
7.031393532409301039e-02
6.260070796252389935e-02
7.633875336497079889e-02
8.700224083092869543e-02
1.298737195618028806e-01
1.304241409704449683e-01
6.357135489755250113e-02
8.245498555209047897e-02
1.028363413389093983e-01
7.750367381580022808e-02
8.727792949032736614e-02
6.419470070681300433e-02
6.698090901950128073e-02
8.836815133266313904e-02
1.096533841111976826e-01
7.662798289368488724e-02
1.332149166093918868e-01
9.110429819061191536e-02
9.417030773828165280e-02
5.693221779927896964e-02
7.901499723634043681e-02
9.519755240431486409e-02
9.622406938603658699e-02
1.108956612750250093e-01
6.869497993413617443e-02
9.034039183714258348e-02
1.057709438342973179e-01
8.037672112009901226e-02
7.672301961172983686e-02
8.591468515286919405e-02
6.935803055867872935e-02
1.007214604688164844e-01
1.362956541510241537e-01
8.876045196720394603e-02
1.066440170135258825e-01
6.730742063794811769e-02
5.937370273776239327e-02
9.722631148596418138e-02
9.323526915522538372e-02
8.658984099204068696e-02
8.784774060902698911e-02
8.266006105394073378e-02
6.673419993875193135e-02
8.404076758934610203e-02
8.866619288398644438e-02
1.288923190985067357e-01
1.106387648528603246e-01
1.540911258612145951e-01
1.178307739872253707e-01
6.193365110095716553e-02
4.846919627020319227e-02
5.933016996666223147e-02
9.858310197457949287e-02
