1.639460275523683563e+01
4.288545008492168620e+01
6.730515191545575249e+01
7.384883940366107424e+01
7.805246272881676362e+01
8.075108511039819348e+01
8.291658803547839796e+01
8.482260803925268533e+01
8.641724853745989776e+01
8.783260992640120435e+01
8.873372334402716888e+01
8.969616908850726134e+01
9.096055859596150128e+01
9.140403849782977375e+01
9.217305151915455497e+01
9.240894508397811080e+01
9.298924325344404451e+01
9.345631251179467824e+01
9.370164181921117574e+01
9.412625023589356488e+01
9.463578033591244321e+01
9.495659558407245981e+01
9.553217588224192980e+01
9.602755236837138852e+01
9.619267786374787477e+01
9.617380637856199144e+01
9.648518588412908059e+01
9.705604831100207264e+01
9.702774108322324764e+01
9.715984147952444516e+01
9.736742781656916179e+01
9.749481034157388137e+01
9.778731836195508720e+01
9.771655029250801761e+01
9.760332138139271763e+01
9.806095489715040969e+01
9.822608039252689593e+01
9.850443479901868216e+01
9.848556331383279883e+01
9.849028118512927676e+01
9.818833742215512927e+01
9.864125306661634340e+01
9.855633138327986842e+01
9.864597093791280713e+01
9.875448197773164338e+01
9.862709945272692380e+01
9.847612757123985716e+01
9.868371390828458800e+01
9.898565767125872128e+01
9.877335346291752671e+01
9.889601811662578257e+01
9.893376108699754923e+01
9.900452915644461882e+01
9.915550103793168546e+01
9.917909039441404673e+01
9.889601811662578257e+01
9.877335346291752671e+01
9.911304019626344086e+01
9.883468578977165464e+01
9.886299301755047964e+01
9.919324400830345212e+01
9.931590866201169376e+01
9.927344782034346338e+01
9.908473296848461587e+01
9.916021890922814919e+01
9.881109643328929337e+01
9.935365163238347463e+01
9.942913757312700795e+01
9.933478014719759130e+01
9.936780524627288003e+01
9.896206831477637422e+01
9.900924702774108255e+01
9.930175504812228837e+01
9.910360445367049920e+01
9.947631628609171628e+01
9.953764861294584421e+01
9.958482732591055253e+01
9.874032836384223799e+01
9.892432534440460756e+01
9.934421588979053297e+01
9.954708435553878587e+01
9.939139460275524129e+01
9.934421588979053297e+01
9.932534440460463543e+01
9.952821287035290254e+01
9.932534440460463543e+01
9.836761653142102091e+01
9.924042272126816044e+01
9.944329118701641335e+01
9.936308737497641630e+01
9.932534440460463543e+01
9.937724098886582169e+01
9.942441970183053002e+01
9.953293074164936627e+01
9.946216267220229668e+01
9.910832232496697713e+01
9.949990564257407755e+01
9.923570484997169672e+01
9.938667673145876336e+01
9.933949801849405503e+01
9.952349499905642460e+01
9.929703717682581043e+01
9.938195886016229963e+01
9.944800905831289128e+01
9.911775806755991880e+01
9.943857331571994962e+01
9.955180222683524960e+01
9.949046989998112167e+01
9.912247593885638253e+01
9.931590866201169376e+01
9.943857331571994962e+01
9.964615965276466625e+01
9.952821287035290254e+01
9.935836950367993836e+01
9.929231930552934671e+01
9.935836950367993836e+01
9.950462351387054127e+01
9.918380826571051045e+01
9.935836950367993836e+01
9.905170786940932715e+01
9.924514059256463838e+01
9.956595584072466920e+01
9.967918475183996918e+01
9.948575202868465794e+01
9.955652009813172754e+01
9.942913757312700795e+01
9.912719381015286046e+01
9.963672391017172458e+01
9.949518777127759961e+01
9.945744480090583295e+01
9.960369881109643586e+01
9.911304019626344086e+01
9.905642574070579087e+01
9.918380826571051045e+01
9.939611247405170502e+01
9.941026608794112462e+01
9.934893376108699670e+01
9.941026608794112462e+01
9.946688054349877461e+01
9.948575202868465794e+01
9.932062653330817170e+01
9.951877712775996088e+01
9.947631628609171628e+01
9.929703717682581043e+01
9.952821287035290254e+01
9.953293074164936627e+01
9.927816569163992710e+01
9.958954519720701626e+01
9.962728816757878292e+01
9.951405925646348294e+01
9.947631628609171628e+01
9.921683336478581339e+01
9.917909039441404673e+01
9.961785242498584125e+01
9.950462351387054127e+01
9.940083034534818296e+01
9.953293074164936627e+01
9.948103415738818001e+01
9.960841668239289959e+01
9.962257029628231919e+01
9.946688054349877461e+01
9.933006227590111337e+01
9.954708435553878587e+01
9.918852613700698839e+01
9.945744480090583295e+01
9.943385544442347168e+01
9.966503113795056379e+01
9.952349499905642460e+01
9.943385544442347168e+01
9.944800905831289128e+01
9.931590866201169376e+01
9.960369881109643586e+01
9.945744480090583295e+01
9.934421588979053297e+01
9.953293074164936627e+01
9.952349499905642460e+01
9.948575202868465794e+01
9.959898093979995792e+01
9.939611247405170502e+01
9.917909039441404673e+01
9.946688054349877461e+01
9.936780524627288003e+01
9.960841668239289959e+01
9.966503113795056379e+01
9.942913757312700795e+01
9.942913757312700795e+01
9.948575202868465794e+01
9.946688054349877461e+01
9.949990564257407755e+01
9.960369881109643586e+01
9.949518777127759961e+01
9.947159841479523834e+01
9.926872994904698544e+01
9.934893376108699670e+01
9.910832232496697713e+01
9.931590866201169376e+01
9.965087752406114419e+01
9.973579920739761917e+01
9.964615965276466625e+01
9.942913757312700795e+01
