1.001117540597915649e+02
5.235323843359947205e+01
3.569473543390631676e+01
2.975052817352116108e+01
2.596432313881814480e+01
2.327758917398750782e+01
2.120113718695938587e+01
1.946678718738257885e+01
1.790176172647625208e+01
1.655725353118032217e+01
1.536422488559037447e+01
1.425712963845580816e+01
1.323523065075278282e+01
1.232545191678218544e+01
1.141863741818815470e+01
1.061829022923484445e+01
9.885141083854250610e+00
9.250122920959256589e+00
8.646545115741901100e+00
8.163187661091797054e+00
7.686387207591906190e+00
7.334947812370955944e+00
6.937703835486900061e+00
6.637065974995493889e+00
6.260689627786632627e+00
5.988729583506938070e+00
5.879637133446522057e+00
5.371894149691797793e+00
4.873433366912649944e+00
4.735066220251610503e+00
4.302162327847327106e+00
3.994399225921370089e+00
3.714958670549094677e+00
3.673795328068081290e+00
3.792444639650057070e+00
3.325792635019752197e+00
3.237086907436605543e+00
3.299061904210248031e+00
3.054583697106863838e+00
3.082381117390468717e+00
3.276405071752378717e+00
2.929694372971425764e+00
2.912061934539451613e+00
2.921121403785946313e+00
2.792538392457572627e+00
2.733960486304567894e+00
2.657730748129324638e+00
2.922401028518834210e+00
2.577778839486200013e+00
2.766695055589480035e+00
2.517780998764237665e+00
2.543020422359404620e+00
2.602854586441026186e+00
2.553394420142922172e+00
2.374947765260458254e+00
2.620911647317370807e+00
2.566415922058695287e+00
2.527851278221191933e+00
2.282385483390271474e+00
2.428518417664918161e+00
2.477158919214957677e+00
2.213100340861274162e+00
2.181430373982493620e+00
2.446823399142431299e+00
2.183964630419950481e+00
2.279016645368642457e+00
2.241585421529748601e+00
2.421479198614065353e+00
2.370529614616430081e+00
2.324975394662942563e+00
2.483764527874200212e+00
1.994124947343863141e+00
2.343236302393393089e+00
2.164275035654554813e+00
2.292494264715116969e+00
1.980996631488324056e+00
2.314162878274487412e+00
2.067424681895339234e+00
2.183373428589504783e+00
2.222833379870166937e+00
2.404588655680015563e+00
2.002181319851160879e+00
2.131802596179134923e+00
2.306784614469563621e+00
2.001717612529745338e+00
2.639561200160265741e+00
1.923159213464828099e+00
1.967086769050517603e+00
1.982516520404871585e+00
2.003865691227638024e+00
2.038619969179819691e+00
2.037088548797726162e+00
2.461575918526149209e+00
1.990560032308341221e+00
2.066769557141014957e+00
1.807572950371316267e+00
1.860992230215387622e+00
2.193527222608040006e+00
2.254657042781087029e+00
2.042179964253556079e+00
2.274188571738029907e+00
2.082041792702511884e+00
1.752851642531695120e+00
1.770008987118341537e+00
1.972007133161817194e+00
1.874315954534765183e+00
2.075404742683403470e+00
1.680946906470930813e+00
2.021502698944656728e+00
2.081382144163889336e+00
2.075812991283200404e+00
1.922039126047675239e+00
1.918456454013036883e+00
1.712679038415021893e+00
2.011897093676232373e+00
1.947819602171643627e+00
2.061405330027319849e+00
2.143925204637574744e+00
1.770858426136968422e+00
1.840287241210195601e+00
1.891862033573250113e+00
1.795779333600654670e+00
2.578890277665729869e+00
1.877169153620576125e+00
1.838463404764509868e+00
1.980496332635825585e+00
2.156061848387042179e+00
1.985016545151267797e+00
1.816606990745363914e+00
1.773250733105925736e+00
2.281123680855704716e+00
1.709796398625473390e+00
1.888707807177965492e+00
2.134369118728493664e+00
1.853980317878158646e+00
1.913718285690571896e+00
2.037984439476366649e+00
2.076440417028911689e+00
1.731895623894178504e+00
1.758432701099335471e+00
1.847913753153953786e+00
1.999346130694605206e+00
1.665237525233528304e+00
1.691782589473362464e+00
1.906363241555004473e+00
1.802138931189857241e+00
1.529108182607245459e+00
1.898522425684211257e+00
1.959611431017553196e+00
1.983545366482026173e+00
1.891250403459938445e+00
1.610736172146061573e+00
1.814727191793050753e+00
2.016641598810569036e+00
1.688992074428970813e+00
2.008380879180488243e+00
1.721229602705798278e+00
1.909285320876012548e+00
1.553745828569204512e+00
1.774194847808175268e+00
1.858002159247413188e+00
1.778368872830567549e+00
1.576724021305627055e+00
1.724060942187677359e+00
1.902622796735053523e+00
1.822875547814404085e+00
1.599703727822880950e+00
1.928763298147503136e+00
1.944623972846100557e+00
1.587033476146215261e+00
1.896466905462412145e+00
2.047993968900236439e+00
1.500262840599559944e+00
2.020516409194788920e+00
1.684221983679355272e+00
1.896566359977330585e+00
1.485890636646256757e+00
1.819925274290113970e+00
1.499262179254646554e+00
1.731553067262521450e+00
2.173137681302543811e+00
1.520154626400977538e+00
1.628325566616591003e+00
1.831255201800340959e+00
1.660255264594575175e+00
1.716252653337175804e+00
1.688783932246123776e+00
1.613203325002118715e+00
1.660005048995722321e+00
1.765036186271989660e+00
1.452642390313914733e+00
1.538565424031661966e+00
2.188235591537966762e+00
1.708868054916688362e+00
1.626592995098762540e+00
1.840949788785565255e+00
1.602294954633582513e+00
1.576379386420826867e+00
1.579290181923346914e+00
1.804652135903724197e+00
