6.152578343718955978e+01
8.438995755441163737e+01
9.008850356723561958e+01
9.192630723381196844e+01
9.298744694301454672e+01
9.384764743068726034e+01
9.452045516120293200e+01
9.496071525331888097e+01
9.534453174388151808e+01
9.565835816851802065e+01
9.605572112345345204e+01
9.636051657184141561e+01
9.655919804930913131e+01
9.681658087239230781e+01
9.706719046328908007e+01
9.733811975074505085e+01
9.752777025196424177e+01
9.772193624130768796e+01
9.788675155784339665e+01
9.805156687437911955e+01
9.816219633342363693e+01
9.825927932809536003e+01
9.841054818025828865e+01
9.848731147837081323e+01
9.853472410367560030e+01
9.858213672898040159e+01
9.857762124085613209e+01
9.871082814052199694e+01
9.885532376049850711e+01
9.887790120111984038e+01
9.902465456515849951e+01
9.910141786327102409e+01
9.916463469701074018e+01
9.918946988169420820e+01
9.914431500045155587e+01
9.928429513230379655e+01
9.931590354917366881e+01
9.927977964417954126e+01
9.934299647791925736e+01
9.933170775760859783e+01
9.923914025106114423e+01
9.935654294229206585e+01
9.934976971010566160e+01
9.934073873385713682e+01
9.937686263885126436e+01
9.939718233541046288e+01
9.940169782353471817e+01
9.930913031698726456e+01
9.942879075228032093e+01
9.934299647791925736e+01
9.941975977603178194e+01
9.942653300821818618e+01
9.940621331165898766e+01
9.941072879978325716e+01
9.947168788946085272e+01
9.935654294229206585e+01
9.937686263885126436e+01
9.939718233541046288e+01
9.946943014539871797e+01
9.942201752009391669e+01
9.941072879978325716e+01
9.948297660977151224e+01
9.950329630633071076e+01
9.942653300821818618e+01
9.950103856226857602e+01
9.948071886570937750e+01
9.949652307414432073e+01
9.941750203196966140e+01
9.942201752009391669e+01
9.944911044883951945e+01
9.939492459134832814e+01
9.953942021132483831e+01
9.943556398446672517e+01
9.950103856226857602e+01
9.945136819290165420e+01
9.954845118757337730e+01
9.945362593696378894e+01
9.951232728257924975e+01
9.947620337758512221e+01
9.946039916915017898e+01
9.941072879978325716e+01
9.953942021132483831e+01
9.950329630633071076e+01
9.945588368102592369e+01
9.954393569944910780e+01
9.934751196604352685e+01
9.956425539600830632e+01
9.954167795538697305e+01
9.952587374695204403e+01
9.951006953851711501e+01
9.951458502664138450e+01
9.952135825882777453e+01
9.936557391854059063e+01
9.951910051476563979e+01
9.950555405039284551e+01
9.958909058069177433e+01
9.957554411631898006e+01
9.947168788946085272e+01
9.945136819290165420e+01
9.951232728257924975e+01
9.943782172852885992e+01
9.949878081820644127e+01
9.959586381287817858e+01
9.959586381287817858e+01
9.952813149101417878e+01
9.957780186038110060e+01
9.949426533008218598e+01
9.961618350943737710e+01
9.950103856226857602e+01
9.948297660977151224e+01
9.950781179445498026e+01
9.954167795538697305e+01
9.953942021132483831e+01
9.960941027725097285e+01
9.951232728257924975e+01
9.954619344351124255e+01
9.949426533008218598e+01
9.946491465727444847e+01
9.958909058069177433e+01
9.954393569944910780e+01
9.955070893163551204e+01
9.958231734850537009e+01
9.934299647791925736e+01
9.955748216382190208e+01
9.957102862819471056e+01
9.951684277070351925e+01
9.946717240133658322e+01
9.951458502664138450e+01
9.955973990788403682e+01
9.958909058069177433e+01
9.942427526415605143e+01
9.960037930100243386e+01
9.954619344351124255e+01
9.947168788946085272e+01
9.958457509256750484e+01
9.954393569944910780e+01
9.949652307414432073e+01
9.949652307414432073e+01
9.959586381287817858e+01
9.958005960444323534e+01
9.956199765194617157e+01
9.951232728257924975e+01
9.961618350943737710e+01
9.961392576537524235e+01
9.953716246726271777e+01
9.956425539600830632e+01
9.965682290255575992e+01
9.953716246726271777e+01
9.951232728257924975e+01
9.951458502664138450e+01
9.953490472320058302e+01
9.963198771787230612e+01
9.955070893163551204e+01
9.951006953851711501e+01
9.960037930100243386e+01
9.950329630633071076e+01
9.959134832475390908e+01
9.951458502664138450e+01
9.964553418224510040e+01
9.956199765194617157e+01
9.955296667569764679e+01
9.957328637225684531e+01
9.964101869412083090e+01
9.959134832475390908e+01
9.952813149101417878e+01
9.955070893163551204e+01
9.961844125349949763e+01
9.952361600288990928e+01
9.951684277070351925e+01
9.962972997381017137e+01
9.953264697913844827e+01
9.949200758602005124e+01
9.966133839068002942e+01
9.947846112164725696e+01
9.959586381287817858e+01
9.952361600288990928e+01
9.966133839068002942e+01
9.953490472320058302e+01
9.965682290255575992e+01
9.956877088413257582e+01
9.945362593696378894e+01
9.964327643818296565e+01
9.960941027725097285e+01
9.955748216382190208e+01
9.960489478912670336e+01
9.958005960444323534e+01
9.958683283662963959e+01
9.961392576537524235e+01
9.959360606881604383e+01
9.956877088413257582e+01
9.967036936692856841e+01
9.964327643818296565e+01
9.944007947259098046e+01
9.959134832475390908e+01
9.961392576537524235e+01
9.953942021132483831e+01
9.961618350943737710e+01
9.962295674162376713e+01
9.962295674162376713e+01
9.956651314007044107e+01
