6.124356542942292236e+01
8.288178452090670589e+01
8.885577530931094259e+01
9.215885487221169114e+01
9.406890634877630930e+01
9.543032601824256744e+01
9.631536169059874908e+01
9.692495258737469044e+01
9.740585207260905065e+01
9.774677142599115598e+01
9.804027815406846003e+01
9.833378488214576407e+01
9.855278605617267829e+01
9.875598302176464927e+01
9.896369547548090395e+01
9.911044883951954887e+01
9.923010927481260524e+01
9.933396550167073258e+01
9.942653300821818618e+01
9.949200758602005124e+01
9.953264697913844827e+01
9.958231734850537009e+01
9.962069899756163238e+01
9.965682290255575992e+01
9.969520455161202221e+01
9.972229748035762498e+01
9.974713266504109299e+01
9.977874108191095104e+01
9.980131852253228431e+01
9.981938047502934808e+01
9.983066919534002182e+01
9.983066919534002182e+01
9.985098889189922033e+01
9.987356633252053939e+01
9.988937054095548262e+01
9.990065926126614215e+01
9.989614377314187266e+01
9.990291700532827690e+01
9.990291700532827690e+01
9.992097895782534067e+01
9.992775219001174491e+01
9.993452542219813495e+01
9.990969023751468114e+01
9.992775219001174491e+01
9.993678316626026970e+01
9.992323670188747542e+01
9.994129865438453919e+01
9.994581414250880869e+01
9.994581414250880869e+01
9.994129865438453919e+01
9.992097895782534067e+01
9.994355639844667394e+01
9.995032963063307818e+01
9.994807188657094343e+01
9.994355639844667394e+01
9.992323670188747542e+01
9.992097895782534067e+01
9.993678316626026970e+01
9.995936060688160296e+01
9.996613383906800721e+01
9.996387609500587246e+01
9.996613383906800721e+01
9.995258737469519872e+01
9.996613383906800721e+01
9.997064932719226249e+01
9.995710286281946821e+01
9.992097895782534067e+01
9.996387609500587246e+01
9.996613383906800721e+01
9.997968030344080148e+01
9.996161835094373771e+01
9.987582407658267414e+01
9.994581414250880869e+01
9.997742255937866673e+01
9.996839158313014195e+01
9.996613383906800721e+01
9.998193804750293623e+01
9.996387609500587246e+01
9.994129865438453919e+01
9.996613383906800721e+01
9.993452542219813495e+01
9.997968030344080148e+01
9.997516481531653199e+01
9.995936060688160296e+01
9.998871127968934047e+01
9.998645353562720572e+01
9.996613383906800721e+01
9.993904091032240444e+01
9.998193804750293623e+01
9.995258737469519872e+01
9.997968030344080148e+01
9.996161835094373771e+01
9.998419579156507098e+01
9.998645353562720572e+01
9.998871127968934047e+01
9.998645353562720572e+01
9.998871127968934047e+01
9.984647340377495084e+01
9.998645353562720572e+01
9.998871127968934047e+01
9.998871127968934047e+01
9.998871127968934047e+01
9.998871127968934047e+01
9.990743249345254640e+01
9.996613383906800721e+01
9.998871127968934047e+01
9.993226767813600020e+01
9.995936060688160296e+01
9.998645353562720572e+01
9.999096902375146101e+01
9.999096902375146101e+01
9.999096902375146101e+01
9.999096902375146101e+01
9.999096902375146101e+01
9.999096902375146101e+01
9.999096902375146101e+01
9.994355639844667394e+01
9.990743249345254640e+01
9.999096902375146101e+01
9.999096902375146101e+01
9.998871127968934047e+01
9.990743249345254640e+01
9.998645353562720572e+01
9.995032963063307818e+01
9.995484511875733347e+01
9.998645353562720572e+01
9.997290707125439724e+01
9.996839158313014195e+01
9.999096902375146101e+01
9.998871127968934047e+01
9.992097895782534067e+01
9.996839158313014195e+01
9.994807188657094343e+01
9.999096902375146101e+01
9.995258737469519872e+01
9.999548451187573050e+01
9.999548451187573050e+01
9.999548451187573050e+01
9.999548451187573050e+01
9.999548451187573050e+01
9.993678316626026970e+01
9.993452542219813495e+01
9.997516481531653199e+01
9.999548451187573050e+01
9.999548451187573050e+01
9.999774225593786525e+01
9.999774225593786525e+01
9.999774225593786525e+01
9.999774225593786525e+01
9.999774225593786525e+01
9.999774225593786525e+01
9.999774225593786525e+01
9.999774225593786525e+01
9.999774225593786525e+01
9.999774225593786525e+01
9.999774225593786525e+01
9.992775219001174491e+01
9.998871127968934047e+01
9.995710286281946821e+01
9.997290707125439724e+01
9.998871127968934047e+01
9.999774225593786525e+01
9.999774225593786525e+01
9.999774225593786525e+01
9.999774225593786525e+01
9.999774225593786525e+01
9.999774225593786525e+01
9.999774225593786525e+01
9.999774225593786525e+01
9.999774225593786525e+01
9.999774225593786525e+01
9.999774225593786525e+01
9.999774225593786525e+01
9.999774225593786525e+01
9.999774225593786525e+01
9.999774225593786525e+01
9.999774225593786525e+01
9.999774225593786525e+01
9.983970017158854660e+01
9.996387609500587246e+01
9.999774225593786525e+01
9.999774225593786525e+01
9.999774225593786525e+01
9.999774225593786525e+01
9.999774225593786525e+01
9.999774225593786525e+01
9.999774225593786525e+01
9.999774225593786525e+01
9.999774225593786525e+01
9.999774225593786525e+01
9.999774225593786525e+01
9.999774225593786525e+01
9.999774225593786525e+01
9.999774225593786525e+01
9.999774225593786525e+01
9.999774225593786525e+01
9.999774225593786525e+01
9.999774225593786525e+01
9.999774225593786525e+01
9.999774225593786525e+01
