1.010497065186500549e+02
5.713876574859023094e+01
3.890960189327597618e+01
2.846339006908237934e+01
2.197621480561792850e+01
1.772072287183254957e+01
1.475498819351196289e+01
1.256629291549324989e+01
1.082847318192943931e+01
9.397311903303489089e+00
8.212325378553941846e+00
7.194962351350113750e+00
6.331550288130529225e+00
5.583888489869423211e+00
4.901285232161171734e+00
4.326342116051819175e+00
3.839883186097722501e+00
3.431124804308637977e+00
3.074053377611562610e+00
2.767705260543152690e+00
2.509726715710712597e+00
2.283225684426724911e+00
2.067837847513146698e+00
1.867092994507402182e+00
1.700505887318286113e+00
1.559245719487080351e+00
1.426627571963763330e+00
1.311985983316844795e+00
1.221237004363501910e+00
1.139354814316902775e+00
1.061187750114186201e+00
1.020516306962235831e+00
8.943470883041300112e-01
8.090016746227775002e-01
7.468342529446090339e-01
6.908853730078590161e-01
6.652220765372476308e-01
6.520882152626654715e-01
6.122165869278433092e-01
5.476560249371686950e-01
5.002591475522422115e-01
4.431032465527096065e-01
5.665938264348824305e-01
5.007331795115987916e-01
3.901158227922678634e-01
3.910576164412304934e-01
3.502544901730288984e-01
3.482899211028325226e-01
3.344804156126883754e-01
3.719881401236762031e-01
4.115321284903075139e-01
3.366037244156814268e-01
3.281767829826094385e-01
3.130943174821823050e-01
3.039962791067409853e-01
4.042471556457485349e-01
4.127746145359196817e-01
3.382055888141621836e-01
2.482167912353361316e-01
2.163345796898852313e-01
2.215509359418206259e-01
2.098476433400264796e-01
2.553121787542522725e-01
1.977861612169249383e-01
1.822287610550006320e-01
2.431474639273289995e-01
3.350818259736456639e-01
2.179701729698422241e-01
2.085142040875496150e-01
1.360762945734563800e-01
2.257018417251401843e-01
5.544877361896283219e-01
2.285528038980828569e-01
1.458885038440911330e-01
2.113393612780640751e-01
1.710401962829877220e-01
1.189349545008440145e-01
1.806230867361051651e-01
2.398001951202104465e-01
1.823638643292806449e-01
2.926230521042043620e-01
1.212440010591535611e-01
1.132499316154085278e-01
1.864296543753098945e-01
8.422692955371857693e-02
7.917041709601235766e-02
1.817161277891692350e-01
2.436840822756067837e-01
9.625838460823388232e-02
2.151774424505603633e-01
1.105945382635482588e-01
1.420191429371033820e-01
8.908705420385842899e-02
8.168608848358971386e-02
6.250531861594055272e-02
7.176297334294190478e-02
5.834814914724972823e-02
5.337350408188328288e-01
8.839847413949541988e-02
6.914365080776008199e-02
5.610044060583252445e-02
5.410606287317598628e-02
5.394926443699255003e-02
3.374287993036517719e-01
1.658726345372407707e-01
6.470239496021434888e-02
2.437324073829998383e-01
1.829001471071460827e-01
7.544830167700489199e-02
4.640462340185180778e-02
4.356699244626760503e-02
4.314259523528640727e-02
4.296370400603155559e-02
4.254810551181620326e-02
4.204100314045167153e-02
4.192135031252863797e-02
1.957828562238201897e-01
3.531567436592464304e-01
4.603218435937783681e-02
4.223602961769401531e-02
4.719353605234655191e-02
3.697693501921305304e-01
7.601390041041966583e-02
2.039226012769601581e-01
1.683574871547293128e-01
6.134720299872675753e-02
1.187526254590824948e-01
1.262876801748342714e-01
4.659630266400949239e-02
4.768177896086189804e-02
2.965619883786496658e-01
1.406903952627365229e-01
2.084733927038318058e-01
4.798794724999844163e-02
1.625182788607730799e-01
3.168713348150031806e-02
2.312380056584295573e-02
2.421680514553781194e-02
2.215833647446130428e-02
2.138524305590738805e-02
2.442027760060074826e-01
2.181630555794269455e-01
8.953487571395779554e-02
3.348998987035400887e-02
3.068973209012471060e-02
1.166994906028540058e-02
1.117761259666361084e-02
1.101696599542645316e-02
1.091932692086783341e-02
1.084967636237110788e-02
1.079706110769729221e-02
1.075397682112866349e-02
1.071364143048292306e-02
1.067884435597776793e-02
1.065183474218356352e-02
1.065388626380014969e-02
2.635499148055600038e-01
7.197630445606906235e-02
1.449350205839587957e-01
1.148108462457146928e-01
5.090372909184925909e-02
1.278637233933010986e-02
1.122123751739856345e-02
1.097777743389527494e-02
1.084965517821356862e-02
1.075972068537978110e-02
1.068977436295459604e-02
1.063180041099731632e-02
1.058009075676991095e-02
1.053429096152624922e-02
1.049252394052757609e-02
1.045424353377821802e-02
1.041719578897559728e-02
1.038168283374185652e-02
1.035305002585484857e-02
1.033057297553663378e-02
1.036144758523072085e-02
1.038088460527430978e-02
5.612615768271099759e-01
1.447055832122406405e-01
1.305800402881474032e-02
1.097885776060614216e-02
1.082037744544817048e-02
1.071865851016073901e-02
1.064377494100221533e-02
1.058415858129124754e-02
1.053362732043938710e-02
1.048918789018571385e-02
1.044920022543427418e-02
1.041279814041340401e-02
1.037882680980350969e-02
1.034747954181391982e-02
1.031927443637370434e-02
1.029395375762243159e-02
1.027149575998276276e-02
1.025143196098415865e-02
1.022972713796854727e-02
1.020758147182271314e-02
1.018532334404431694e-02
1.016700773598894214e-02
