6.199313645805111861e+01
7.961708660706221963e+01
8.547141696017339996e+01
8.804750293506728553e+01
8.934796351485596233e+01
9.032782443782173232e+01
9.094418856678406371e+01
9.155603720762213982e+01
9.218369005689514495e+01
9.277973448929829203e+01
9.330804659983743932e+01
9.350672807730515501e+01
9.388377133568138788e+01
9.423823715343628749e+01
9.453400162557572628e+01
9.474622956741623625e+01
9.506682922423914306e+01
9.525647972545831976e+01
9.552063578072790051e+01
9.581640025286733930e+01
9.598121556940304799e+01
9.618441253499503318e+01
9.642147566151901117e+01
9.660661067461393259e+01
9.683238508082723683e+01
9.704235527860561206e+01
9.723426352388693772e+01
9.734263523886932035e+01
9.746229567416237671e+01
9.751873927571570277e+01
9.746003793010024197e+01
9.760001806195249685e+01
9.774451368192902123e+01
9.776031789036395026e+01
9.789126704596766615e+01
9.805156687437911955e+01
9.808091754718685706e+01
9.819380475029350919e+01
9.831346518558656555e+01
9.813961889280231787e+01
9.828411451277882804e+01
9.837893976338841640e+01
9.846247629368734522e+01
9.847602275806013949e+01
9.854149733586200455e+01
9.856407477648333781e+01
9.860697191366386960e+01
9.857987898491826684e+01
9.867921972365212469e+01
9.867244649146572044e+01
9.880565339113158529e+01
9.872211686083265647e+01
9.886435473674704610e+01
9.886661248080918085e+01
9.887790120111984038e+01
9.888467443330624462e+01
9.892531382642464166e+01
9.908561365483608085e+01
9.907884042264969082e+01
9.891628285017610267e+01
9.911270658358168362e+01
9.902917005328275479e+01
9.911044883951954887e+01
9.907884042264969082e+01
9.918269664950781817e+01
9.913754176826515163e+01
9.924365573918539951e+01
9.908561365483608085e+01
9.912173755983022261e+01
9.910367560733315884e+01
9.921204732231554146e+01
9.916689244107287493e+01
9.917366567325927917e+01
9.920301634606701668e+01
9.925720220355820800e+01
9.923462476293687473e+01
9.922107829856408046e+01
9.920301634606701668e+01
9.930687257292512982e+01
9.937460489478912962e+01
9.926849092386886753e+01
9.936105843041632113e+01
9.901562358890996052e+01
9.925945994762034275e+01
9.923236701887473998e+01
9.927752190011740652e+01
9.932493452542219359e+01
9.919850085794274719e+01
9.941524428790752665e+01
9.933848098979500207e+01
9.939944007947259763e+01
9.927074866793100227e+01
9.933170775760859783e+01
9.928881062042806604e+01
9.933622324573286733e+01
9.933170775760859783e+01
9.923236701887473998e+01
9.930461482886299507e+01
9.941524428790752665e+01
9.939266684728619339e+01
9.930009934073873978e+01
9.936331617447845588e+01
9.929332610855233554e+01
9.939266684728619339e+01
9.938589361509978914e+01
9.934751196604352685e+01
9.944007947259098046e+01
9.923236701887473998e+01
9.951910051476563979e+01
9.941298654384539191e+01
9.937686263885126436e+01
9.947394563352298746e+01
9.935654294229206585e+01
9.941524428790752665e+01
9.943556398446672517e+01
9.938589361509978914e+01
9.952361600288990928e+01
9.938589361509978914e+01
9.932945001354646308e+01
9.959134832475390908e+01
9.946943014539871797e+01
9.934976971010566160e+01
9.952587374695204403e+01
9.945588368102592369e+01
9.937234715072699487e+01
9.941298654384539191e+01
9.955973990788403682e+01
9.956877088413257582e+01
9.954167795538697305e+01
9.958683283662963959e+01
9.948523435383364699e+01
9.946039916915017898e+01
9.948974984195791649e+01
9.945362593696378894e+01
9.946943014539871797e+01
9.961392576537524235e+01
9.932719226948432834e+01
9.958457509256750484e+01
9.957780186038110060e+01
9.951006953851711501e+01
9.961844125349949763e+01
9.939492459134832814e+01
9.953716246726271777e+01
9.961166802131310760e+01
9.931138806104939931e+01
9.960263704506456861e+01
9.964779192630723514e+01
9.958909058069177433e+01
9.949426533008218598e+01
9.955296667569764679e+01
9.957102862819471056e+01
9.960263704506456861e+01
9.944459496071524995e+01
9.959360606881604383e+01
9.949652307414432073e+01
9.960263704506456861e+01
9.955296667569764679e+01
9.962521448568590188e+01
9.952135825882777453e+01
9.959812155694029912e+01
9.951458502664138450e+01
9.951684277070351925e+01
9.961166802131310760e+01
9.963198771787230612e+01
9.946943014539871797e+01
9.947620337758512221e+01
9.953490472320058302e+01
9.957102862819471056e+01
9.965004967036936989e+01
9.955070893163551204e+01
9.959360606881604383e+01
9.965456515849363939e+01
9.940621331165898766e+01
9.962069899756163238e+01
9.965230741443150464e+01
9.952813149101417878e+01
9.954167795538697305e+01
9.961166802131310760e+01
9.962747222974803663e+01
9.949200758602005124e+01
9.956877088413257582e+01
9.968165808723922794e+01
9.955070893163551204e+01
9.967488485505283791e+01
9.951006953851711501e+01
9.968391583130136269e+01
9.970649327192269595e+01
9.959360606881604383e+01
9.958231734850537009e+01
9.961166802131310760e+01
9.954393569944910780e+01
9.955748216382190208e+01
9.962972997381017137e+01
9.958909058069177433e+01
9.942427526415605143e+01
9.964327643818296565e+01
9.961392576537524235e+01
9.963650320599656141e+01
9.965456515849363939e+01
9.949652307414432073e+01
