9.845617727935314178e+01
6.363035736978054047e+01
4.765010872855782509e+01
4.100766221061348915e+01
3.692525562644004822e+01
3.392463941872119904e+01
3.161010607518255711e+01
2.943228094466030598e+01
2.731911102868616581e+01
2.551021454855799675e+01
2.405207794904708862e+01
2.305439161136746407e+01
2.188346703164279461e+01
2.090345084015280008e+01
1.977250045910477638e+01
1.898334285337477922e+01
1.804314967431128025e+01
1.727637658547610044e+01
1.639695435436442494e+01
1.553326292568817735e+01
1.484694826137274504e+01
1.406405578926205635e+01
1.338766894582659006e+01
1.272715015895664692e+01
1.210569415660575032e+01
1.146566432295367122e+01
1.085258967964909971e+01
1.044093627342954278e+01
9.991522874915972352e+00
9.656656875740736723e+00
9.716197828063741326e+00
9.243789275991730392e+00
8.714137954637408257e+00
8.565228796098381281e+00
8.070197560824453831e+00
7.724045375711284578e+00
7.521075040422147140e+00
7.189307766850106418e+00
6.943243832851294428e+00
7.183266862062737346e+00
6.727309232577681541e+00
6.502314780140295625e+00
6.205031375633552670e+00
6.049525049864314497e+00
5.902224718913203105e+00
5.703427675704006106e+00
5.624891527855652384e+00
5.552850989712169394e+00
5.321056960034184158e+00
5.154409472801489756e+00
4.875535994760866743e+00
5.048247927108604927e+00
4.560347087099216878e+00
4.472461416426085634e+00
4.425164329561084742e+00
4.303642699638658087e+00
4.248148825281532481e+00
3.794923112243850483e+00
3.849022876649542013e+00
4.230891706750298908e+00
3.764161454208078794e+00
3.849439519282896072e+00
3.555403868136636447e+00
3.694488224442466162e+00
3.359018899420334492e+00
3.426405029273155378e+00
3.156706125731943757e+00
3.641407914878072916e+00
3.371471655647837906e+00
3.541882057280417939e+00
3.210509432124126761e+00
3.331955252479929186e+00
3.287915660320322786e+00
3.163962721638199582e+00
3.081046565919677960e+00
3.098788854345002619e+00
3.078785878790085917e+00
3.159600215578393545e+00
2.860737207614420186e+00
2.657698336957764695e+00
2.983733667756041541e+00
2.650705439865305379e+00
3.622467140099161043e+00
2.890263700854575291e+00
3.012672712061657876e+00
2.875130558399746405e+00
2.687474196967059470e+00
3.144604933279424586e+00
2.440121780253889483e+00
2.682286951540959308e+00
2.499367529636856489e+00
2.838827885250765348e+00
2.699703874334545617e+00
2.762410813820793010e+00
2.596395036746756091e+00
2.650683890032667023e+00
2.891012932142260183e+00
2.712719601310880080e+00
2.310929882339451069e+00
2.359898346933277935e+00
2.699345415503216827e+00
2.456479963761665886e+00
2.676046063373078709e+00
2.344105668477283189e+00
2.382717921076064727e+00
2.515449203369769293e+00
2.162610727565294155e+00
2.887896323525509956e+00
1.984013780743566713e+00
2.295357004834158943e+00
2.435723696933191462e+00
2.136521829058843025e+00
2.535606169010677036e+00
2.299542521245339088e+00
2.196576542994023384e+00
2.380050886888305683e+00
1.922067371117087475e+00
2.362171936112588355e+00
2.544628572800757382e+00
1.668333769770233843e+00
2.025240395546546779e+00
2.450431958357683015e+00
1.828119856451888126e+00
2.079985640676081715e+00
2.291247747467245688e+00
2.253847568859752570e+00
1.713549580320796295e+00
1.693375800710192003e+00
1.835853656153100477e+00
1.684592852073485858e+00
2.005777067381313117e+00
2.099067323455365397e+00
1.966498175036655027e+00
2.118382524359674335e+00
1.920894208470413034e+00
1.573720292343852023e+00
2.427005224827745167e+00
1.647749698667398066e+00
1.699059776827144930e+00
1.853386353849591828e+00
1.554379559905633368e+00
2.250423698051168486e+00
1.794559472877847117e+00
1.586846347552914871e+00
2.495162141184168902e+00
1.571039528968680932e+00
1.437559774704084248e+00
1.658523650040174324e+00
1.966456487242163043e+00
1.669073504666946484e+00
1.710240546768718506e+00
1.555215595307603893e+00
2.116694067138015001e+00
1.624111247063381835e+00
1.808918702688262936e+00
1.540486289441844736e+00
1.700806293698943872e+00
1.501952557378311237e+00
1.744807699876903762e+00
1.529724041328585749e+00
1.768760381726173891e+00
1.835883187049775156e+00
1.480597345083125571e+00
1.432757985991276461e+00
1.948219813979623183e+00
2.042322956646055676e+00
1.774528243683893169e+00
1.619021725728267969e+00
1.366823732270931568e+00
1.766374137758180307e+00
1.619507595402355227e+00
1.389173210637231204e+00
2.251187749899573820e+00
1.506652739183004464e+00
1.337426086674414316e+00
1.845465018477438823e+00
1.686255677832199318e+00
1.560054470083965583e+00
1.467343372073485863e+00
1.937714007490613621e+00
1.700770743364400372e+00
1.327555702206032695e+00
1.774859887805635417e+00
1.305729487416741774e+00
1.866798655563181919e+00
1.308421192269969335e+00
1.176139514229240568e+00
1.609279506201036103e+00
1.568689521132968112e+00
1.539225439618070679e+00
1.706313919111324795e+00
1.679379342375059370e+00
1.418199540312772289e+00
1.602395215598717559e+00
2.084182581541145218e+00
1.340860567031932682e+00
1.481166977070242030e+00
1.400460947725156613e+00
1.372267748632205686e+00
1.868756204287093770e+00
