2.505200000000000204e-01
3.664000000000000000e+03
4.509300000000000182e+03
9.347699999999999676e+00
2.690200000000000102e+01
4.233899999999999864e+01
2.705000000000000000e+03
7.500000000000000000e+01
1.204000000000000057e+02
3.371199999999999752e-01
8.010899999999999466e+01
5.000000000000000000e+01
2.633699999999999818e+03
2.516000000000000014e+01
5.000000000000000000e+01
3.102199999999999818e+03
2.294900000000000162e+01
6.573099999999999454e+01
2.303100000000000023e+02
3.414300000000000068e+02
9.459900000000000375e+01
7.729699999999999704e+01
3.218800000000000239e+01
8.893299999999999983e+00
2.638299999999999912e+01
6.881999999999999673e+00
1.877599999999999980e+01
1.656700000000000061e+00
3.295799999999999841e+01
1.382300000000000040e+01
2.397800000000000153e+01
1.256499999999999950e+00
1.857900000000000063e+01
2.263300000000000090e+00
4.843600000000000350e+00
2.298599999999999977e+00
1.787000000000000047e-02
8.356999999999999984e-01
9.858000000000000096e-02
5.372399999999999665e+01
4.382800000000000296e+01
6.305299999999999727e+01
5.397999999999999687e+01
2.464399999999999835e+01
6.130199999999999960e+01
2.221000000000000085e+01
4.006400000000000006e+01
3.810000000000000142e+01
4.653399999999999892e+01
4.744599999999999795e+01
4.110600000000000165e+01
1.811400000000000077e+01
