-1.859159458977781010e-01
-1.315092627751731358e-01
-1.396573258687130170e-01
-3.590975697002808664e-02
-2.706507580354115469e-02
4.267646129557471635e-02
-3.855648661417335980e-03
3.743483651806468471e-01
3.706970318475172887e-01
3.810803239640796480e-01
6.913819931193005818e-04
6.301694479736184634e-04
4.907281837518377016e-04
-1.117103184821532036e+00
-1.134246317681758320e+00
-1.113734484874341568e+00
8.604634834674808330e-02
-1.494767721053959497e-01
-3.724959962308310724e-01
-4.357606004401752275e-01
9.034737284319266371e-01
9.055828335581922461e-01
8.784061633570812155e-01
2.282969836262625507e-01
3.834357254000994031e-01
3.529768882671344143e-01
0.000000000000000000e+00
