2.852275927047731932e-02
3.199953860854871479e+01
3.169281597081586455e+01
7.643732991150334333e-02
2.084551563382398276e-01
2.207538438261042735e-01
5.258118792876400605e+00
5.276779015877016699e-01
1.863562180341769153e-02
1.167600406741964476e-02
1.940381061441286137e-01
1.033060414285631001e+00
5.527683420746891230e+00
1.062907714291321470e+00
1.016570156878511044e+00
4.588040819347622090e+00
6.261784099599728703e-01
3.420392391232325857e-01
8.139198213583448194e+00
1.221938676693719694e+00
1.191804207242114083e-01
2.482663495200262138e-01
2.807508111047943844e-01
9.893526943694032350e-02
2.721458958426525854e-01
1.023466559969596623e-01
2.421146887241666379e-01
2.518861266842617463e-02
3.142033257876181152e-01
1.017560235858301076e-01
3.137712282794585805e-01
1.039086793550645232e-01
3.025213677345782171e-01
2.622727338020481788e-02
5.779163547642512944e-02
5.238962025592473065e-02
9.023648888726237133e-03
1.436351774322711973e-02
9.540372194018431617e-03
5.351611835699587871e-01
4.886220268264627742e-01
5.576083900229622525e-01
4.273222421732806864e-01
2.822290641171457004e+00
1.184114661304386251e+00
4.132742981168802121e-01
1.436589594699892780e+00
3.040107217198761536e+00
2.352656864292793415e+00
2.120916936205659020e+00
5.250317090424159172e-01
1.486566511151115488e+00
