9.448405006664675199e-01
9.866271309426620784e-01
9.214858867849025081e-01
1.065832201104962351e+00
1.132977488202929761e+00
9.055753361598162243e-01
1.777380901651728906e-01
7.605984133201811881e-01
7.565964945712958523e-01
7.588230946135576804e-01
3.921291741470129821e-01
3.934225546437860044e-01
3.661845748951919610e-01
7.490814784543284865e-01
7.108094295212993297e-01
7.067194435999618607e-01
8.371462137249280344e-01
6.958403412922264941e-01
1.072059302524085878e+00
1.110213645642643243e+00
2.404881068231674579e-01
2.395806491648139191e-01
2.214834806074308660e-01
1.034320685489295899e+00
9.869937397008050617e-01
1.151433968259292451e+00
0.000000000000000000e+00
