1.025746260136365891e+02
5.897946014255285263e+01
4.132033770903944969e+01
3.280947401002049446e+01
2.764625475369393826e+01
2.361209239251911640e+01
2.024745795130729675e+01
1.747257016412913799e+01
1.512067363690584898e+01
1.333171869814395905e+01
1.189680110034532845e+01
1.055510794930160046e+01
9.436531466664746404e+00
8.464993136934936047e+00
7.681531607406213880e+00
6.998990983760450035e+00
6.406507361622061580e+00
5.931101988651789725e+00
5.432793833140749484e+00
5.022857536212541163e+00
4.687246035202406347e+00
4.356819516164250672e+00
4.027460587793029845e+00
3.741982841340359300e+00
3.453913346267654561e+00
3.242952740227337927e+00
3.180752197920810431e+00
2.979900538615765981e+00
2.809384536158177070e+00
2.474836815235903487e+00
2.341126881612581201e+00
2.313564820869942196e+00
2.319743303851282690e+00
1.978422233276432962e+00
1.901447215732332552e+00
2.012947018763952656e+00
1.888899578329073847e+00
1.706414160605618235e+00
1.701674558044032892e+00
1.554585643341852119e+00
1.471738083184618517e+00
1.401792356385158200e+00
1.488650383792446519e+00
1.534678562230283205e+00
1.583216210931823298e+00
1.389935926045609449e+00
1.299752499523947336e+00
1.365043043557761848e+00
1.378650279144039814e+00
1.330782012941199355e+00
1.097525131388010777e+00
1.252766989588053548e+00
1.246019381805808734e+00
1.189256541354211549e+00
1.144829999007981769e+00
1.004746930386772874e+00
9.257284102814082871e-01
9.519217831460764501e-01
1.096860052859682355e+00
9.691078835174948836e-01
9.354585963234569590e-01
8.837486480988445692e-01
9.462773987033301637e-01
9.439835788807329209e-01
1.253935604673500848e+00
1.013213310773323883e+00
8.249583840890011288e-01
1.320910829765807648e+00
7.433730886379521507e-01
1.233880640594861688e+00
8.241744828199557560e-01
7.328048531713164948e-01
9.246021529873473810e-01
8.610249486879979486e-01
8.329013091852814910e-01
6.518919414960322456e-01
6.948561051337733829e-01
7.366888376449836073e-01
6.146779907023756095e-01
6.921021317140514384e-01
1.052441169093434326e+00
5.536495790187814237e-01
7.620061179762060988e-01
6.830099346815501349e-01
6.190176750531044547e-01
7.193410780634614810e-01
8.808315084779323456e-01
5.771090914580625508e-01
9.647312685263162990e-01
5.613350908070735557e-01
8.085735604914319197e-01
4.066528204671726598e-01
6.196972724858582637e-01
5.410520204620965501e-01
7.957312438963057843e-01
6.898005589377764757e-01
6.056250121496229433e-01
9.975577815313094732e-01
4.266764308126411720e-01
6.166284939057351533e-01
8.945234065710891969e-01
6.105318315092143067e-01
3.814578126666603453e-01
3.793903518717547385e-01
5.523994463654302578e-01
5.518715657506492178e-01
7.106342866615058540e-01
5.851365385898952276e-01
4.541571506919535040e-01
5.555490840311652079e-01
7.662032067937634139e-01
7.512753940558278831e-01
4.698153563437390545e-01
2.980861287453024921e-01
7.082379170849045780e-01
6.868744528111909720e-01
4.492925020323879082e-01
5.992243319997574424e-01
6.076785961667776625e-01
5.524123569218374330e-01
9.739406706635760358e-01
3.524086059197698573e-01
4.486754732623223774e-01
5.818585061795744640e-01
6.022354748276494973e-01
6.261783234824147559e-01
4.751864210232796815e-01
5.393871002882868471e-01
6.689928886329650215e-01
3.041615667511764487e-01
3.515960671137063343e-01
7.198072332273963703e-01
4.958244824575446241e-01
8.152781821636057025e-01
3.270831891841409211e-01
5.889466345417353477e-01
9.594927381038445002e-01
4.194066910473683851e-01
3.484970198370639372e-01
4.400559240769084113e-01
3.854202558513538102e-01
5.181040202926644467e-01
4.191318232686361833e-01
6.097056383111236766e-01
6.948431071719114449e-01
5.397242905770445187e-01
3.491694423988016549e-01
5.082435498471399304e-01
6.597263841571284759e-01
3.976114293136471800e-01
4.610444823240418266e-01
4.656550077884351047e-01
6.720499449176760010e-01
4.357454461781424815e-01
7.378176644135809870e-01
3.104723689989897784e-01
6.484239699379036326e-01
4.763531370693753764e-01
4.694420665628457612e-01
5.921703372849610458e-01
3.024500673961172392e-01
3.954888503691891821e-01
4.457551755417843986e-01
6.727900933415020823e-01
4.819005626197400138e-01
2.265130420204167494e-01
5.588935488833784992e-01
4.596288590761332671e-01
2.028122239501632396e-01
5.351011333676360948e-01
6.682469914463432525e-01
3.791067241710263103e-01
4.419764995667821994e-01
5.394971281246063732e-01
3.475787772526048869e-01
6.017805137324288012e-01
1.261332793013381637e-01
7.189921351762430524e-01
3.795246972372874894e-01
2.056365491581343130e-01
9.105995243937285988e-01
4.492183696927129488e-01
2.900099429287410491e-01
4.803776844342461105e-01
4.235674613377407582e-01
2.288117035601649474e-01
4.924306457379262758e-01
2.380695448511478962e-01
5.245130801981412461e-01
3.046602478387642199e-01
6.244720956691239833e-01
5.902874463655961579e-01
2.082176128475059507e-01
4.796692309637071161e-01
3.879633499127110308e-01
3.144879373347497231e-01
4.342977814189779018e-01
4.833900637153135671e-01
3.428759202168938369e-01
5.461739832677988682e-01
