6.094780095728348357e+01
8.154745778018603630e+01
8.796170866070622196e+01
9.074324934525422748e+01
9.216111261627382589e+01
9.328772690327824080e+01
9.431725819561094681e+01
9.520906710015353269e+01
9.584349318161292786e+01
9.638535175652488363e+01
9.682561184864083259e+01
9.723200577982480297e+01
9.757744062133116358e+01
9.786191637315994285e+01
9.811252596405671511e+01
9.828411451277882804e+01
9.843086787681748717e+01
9.856407477648333781e+01
9.868599295583852893e+01
9.879436467082091156e+01
9.889144766549263466e+01
9.899756163641289675e+01
9.902917005328275479e+01
9.912851079201661264e+01
9.920075860200488194e+01
9.923236701887473998e+01
9.925720220355820800e+01
9.930687257292512982e+01
9.936105843041632113e+01
9.946491465727444847e+01
9.948297660977151224e+01
9.947620337758512221e+01
9.947846112164725696e+01
9.956651314007044107e+01
9.958457509256750484e+01
9.954167795538697305e+01
9.956651314007044107e+01
9.960941027725097285e+01
9.961166802131310760e+01
9.964553418224510040e+01
9.967714259911495844e+01
9.968165808723922794e+01
9.965004967036936989e+01
9.962972997381017137e+01
9.961166802131310760e+01
9.966133839068002942e+01
9.970423552786056121e+01
9.965682290255575992e+01
9.967488485505283791e+01
9.969068906348776693e+01
9.975842138535175252e+01
9.969520455161202221e+01
9.969520455161202221e+01
9.969972003973629171e+01
9.974261717691682350e+01
9.978099882597308579e+01
9.977648333784881629e+01
9.976293687347602201e+01
9.972681296848189447e+01
9.976067912941388727e+01
9.976745236160029151e+01
9.979228754628375953e+01
9.976745236160029151e+01
9.978325657003522053e+01
9.968617357536349743e+01
9.972681296848189447e+01
9.977648333784881629e+01
9.962295674162376713e+01
9.981938047502934808e+01
9.966133839068002942e+01
9.979002980222162478e+01
9.982389596315361757e+01
9.974939040910322774e+01
9.977422559378668154e+01
9.979002980222162478e+01
9.983744242752641185e+01
9.983292693940214235e+01
9.981938047502934808e+01
9.986453535627201461e+01
9.982163821909148282e+01
9.970875101598483070e+01
9.987582407658267414e+01
9.979454529034588006e+01
9.982389596315361757e+01
9.985776212408561037e+01
9.981712273096721333e+01
9.977196784972456101e+01
9.985324663596134087e+01
9.972455522441975972e+01
9.986905084439628411e+01
9.977648333784881629e+01
9.989840151720400740e+01
9.983292693940214235e+01
9.986679310033414936e+01
9.976971010566242626e+01
9.981712273096721333e+01
9.983744242752641185e+01
9.971552424817122073e+01
9.989614377314187266e+01
9.982841145127788707e+01
9.974713266504109299e+01
9.984421565971281609e+01
9.990969023751468114e+01
9.991646346970107118e+01
9.986227761220987986e+01
9.985324663596134087e+01
9.979680303440801481e+01
9.984647340377495084e+01
9.988711279689334788e+01
9.984421565971281609e+01
9.980357626659441905e+01
9.978325657003522053e+01
9.987582407658267414e+01
9.993678316626026970e+01
9.981034949878082330e+01
9.981034949878082330e+01
9.988259730876907838e+01
9.983518468346427710e+01
9.984421565971281609e+01
9.984647340377495084e+01
9.972455522441975972e+01
9.991194798157680168e+01
9.988485505283121313e+01
9.984195791565068134e+01
9.982615370721575232e+01
9.981938047502934808e+01
9.985776212408561037e+01
9.984421565971281609e+01
9.983066919534002182e+01
9.992097895782534067e+01
9.991420572563893643e+01
9.981712273096721333e+01
9.986905084439628411e+01
9.976519461753815676e+01
9.991194798157680168e+01
9.983970017158854660e+01
9.972229748035762498e+01
9.988937054095548262e+01
9.990743249345254640e+01
9.987130858845841885e+01
9.990291700532827690e+01
9.985550438002347562e+01
9.988033956470694363e+01
9.982615370721575232e+01
9.980131852253228431e+01
9.985776212408561037e+01
9.991194798157680168e+01
9.985098889189922033e+01
9.980357626659441905e+01
9.989162828501761737e+01
9.987808182064480889e+01
9.987582407658267414e+01
9.982163821909148282e+01
9.987130858845841885e+01
9.978325657003522053e+01
9.991420572563893643e+01
9.980583401065655380e+01
9.986227761220987986e+01
9.986905084439628411e+01
9.983292693940214235e+01
9.992323670188747542e+01
9.988937054095548262e+01
9.987130858845841885e+01
9.981712273096721333e+01
9.986679310033414936e+01
9.994355639844667394e+01
9.983970017158854660e+01
9.987130858845841885e+01
9.994807188657094343e+01
9.984647340377495084e+01
9.980131852253228431e+01
9.989614377314187266e+01
9.987356633252053939e+01
9.985324663596134087e+01
9.990517474939041165e+01
9.983744242752641185e+01
9.997290707125439724e+01
9.978551431409735528e+01
9.987808182064480889e+01
9.995032963063307818e+01
9.974939040910322774e+01
9.987582407658267414e+01
9.992775219001174491e+01
9.986453535627201461e+01
9.988033956470694363e+01
9.994355639844667394e+01
9.986227761220987986e+01
9.993904091032240444e+01
9.984647340377495084e+01
9.991646346970107118e+01
9.982615370721575232e+01
9.982163821909148282e+01
9.994129865438453919e+01
9.986905084439628411e+01
9.989388602907973791e+01
9.991646346970107118e+01
9.987356633252053939e+01
9.986453535627201461e+01
9.990969023751468114e+01
9.983744242752641185e+01
