1.449801849405548282e+01
3.502547650500094534e+01
4.805623702585393175e+01
5.640686922060766051e+01
6.248348745046234853e+01
6.747027741083223873e+01
7.159369692394791684e+01
7.501415361388941960e+01
7.803830911492734401e+01
8.032175882241932641e+01
8.205793545952066381e+01
8.389790526514437374e+01
8.531326665408568033e+01
8.668144933006227859e+01
8.776184185695414897e+01
8.847895829401774392e+01
8.915833176070957222e+01
8.989903755425551424e+01
9.047461785242498422e+01
9.103604453670503460e+01
9.156444612190979626e+01
9.211643706359690498e+01
9.258350632194753871e+01
9.300339686733346412e+01
9.337139082845820326e+01
9.373466691828646447e+01
9.396112474051707864e+01
9.433855444423475944e+01
9.449424419701830402e+01
9.486695602943952110e+01
9.508869598037365733e+01
9.535289677297603816e+01
9.549915078316664108e+01
9.566899414983959105e+01
9.613134553689374684e+01
9.630118890356671102e+01
9.660313266654085851e+01
9.665502925080204477e+01
9.675410454802792515e+01
9.676825816191734475e+01
9.684374410266087807e+01
9.700886959803736431e+01
9.718343083600679222e+01
9.731081336101151180e+01
9.739101717305152306e+01
9.746178524249857844e+01
9.753255331194564803e+01
9.761275712398565929e+01
9.776372900547272593e+01
9.782977920362333180e+01
9.776372900547272593e+01
9.794300811473863178e+01
9.795716172862803717e+01
9.792413662955274845e+01
9.803736554066804842e+01
9.803736554066804842e+01
9.813644083789394301e+01
9.814587658048688468e+01
9.821664464993395427e+01
9.820720890734101260e+01
9.826382336289866259e+01
9.830628420456689298e+01
9.835346291753161552e+01
9.837705227401396257e+01
9.837233440271749885e+01
9.846669182864691550e+01
9.842423098697867090e+01
9.851858841290810176e+01
9.858463861105869341e+01
9.862709945272692380e+01
9.861766371013398214e+01
9.864597093791280713e+01
9.849971692772221843e+01
9.864597093791280713e+01
9.866956029439516840e+01
9.869314965087752967e+01
9.873561049254576005e+01
9.869314965087752967e+01
9.871202113606341300e+01
9.868843177958105173e+01
9.865540668050574880e+01
9.879222494810341004e+01
9.883468578977165464e+01
9.880166069069635171e+01
9.884412153236459631e+01
9.882996791847519091e+01
9.880637856199282965e+01
9.887242876014342130e+01
9.889130024532930463e+01
9.890073598792224630e+01
9.890545385921872423e+01
9.895735044347989628e+01
9.903755425551990754e+01
9.908001509718815214e+01
9.910832232496697713e+01
9.907529722589167420e+01
9.904698999811284921e+01
9.916021890922814919e+01
9.918380826571051045e+01
9.922626910737875505e+01
9.916965465182110506e+01
9.912719381015286046e+01
9.913662955274580213e+01
9.915078316663520752e+01
9.925929420645404377e+01
9.928760143423286877e+01
9.931590866201169376e+01
9.929703717682581043e+01
9.932534440460463543e+01
9.935365163238347463e+01
9.916021890922814919e+01
9.923098697867521878e+01
9.922155123608227711e+01
9.932534440460463543e+01
9.944329118701641335e+01
9.945744480090583295e+01
9.948575202868465794e+01
9.952349499905642460e+01
9.959426306850349420e+01
9.953764861294584421e+01
9.947631628609171628e+01
9.964144178146820252e+01
9.966503113795056379e+01
9.967446688054350545e+01
9.954236648424230793e+01
9.965087752406114419e+01
9.962728816757878292e+01
9.956123796942819126e+01
9.960841668239289959e+01
9.934421588979053297e+01
9.956123796942819126e+01
9.969333836572938878e+01
9.969333836572938878e+01
9.969333836572938878e+01
9.967918475183996918e+01
9.968862049443291085e+01
9.969333836572938878e+01
9.966503113795056379e+01
9.932062653330817170e+01
9.959898093979995792e+01
9.968862049443291085e+01
9.968862049443291085e+01
9.969805623702585251e+01
9.967446688054350545e+01
9.969805623702585251e+01
9.971220985091527211e+01
9.970749197961879418e+01
9.910360445367049920e+01
9.956123796942819126e+01
9.972164559350821378e+01
9.972164559350821378e+01
9.972164559350821378e+01
9.971692772221173584e+01
9.970277410832233045e+01
9.964144178146820252e+01
9.943385544442347168e+01
9.961785242498584125e+01
9.959898093979995792e+01
9.968390262313644712e+01
9.971220985091527211e+01
9.972164559350821378e+01
9.971220985091527211e+01
9.971220985091527211e+01
9.969333836572938878e+01
9.950462351387054127e+01
9.956595584072466920e+01
9.960841668239289959e+01
9.959898093979995792e+01
9.971220985091527211e+01
9.971220985091527211e+01
9.971220985091527211e+01
9.971692772221173584e+01
9.971220985091527211e+01
9.962257029628231919e+01
9.949990564257407755e+01
9.959426306850349420e+01
9.965087752406114419e+01
9.971220985091527211e+01
9.972164559350821378e+01
9.972164559350821378e+01
9.970277410832233045e+01
9.948575202868465794e+01
9.963672391017172458e+01
9.960841668239289959e+01
9.972164559350821378e+01
9.972636346480467751e+01
9.972164559350821378e+01
9.971692772221173584e+01
9.967446688054350545e+01
9.953764861294584421e+01
9.951877712775996088e+01
9.971220985091527211e+01
9.964144178146820252e+01
9.971220985091527211e+01
9.972164559350821378e+01
9.973579920739761917e+01
9.971692772221173584e+01
9.951405925646348294e+01
9.939611247405170502e+01
9.967918475183996918e+01
