8.845175869762897491e+00
7.466530645266175270e+00
6.299619073048233986e+00
5.461255166679620743e+00
4.801665168255567551e+00
4.240253703668713570e+00
3.777941227890551090e+00
3.382256968878209591e+00
3.021528935991227627e+00
2.745026453398168087e+00
2.522368955891579390e+00
2.309267579112201929e+00
2.116320667322725058e+00
1.945236599305644631e+00
1.804756971774622798e+00
1.703622841509059072e+00
1.622112116543576121e+00
1.531006989767774940e+00
1.453239596681669354e+00
1.368122603045776486e+00
1.280049631372094154e+00
1.206783282686956227e+00
1.131231065257452428e+00
1.072418291121721268e+00
1.014558486873283982e+00
9.544390914961695671e-01
9.164382185554131866e-01
8.628165645059198141e-01
8.384100776747800410e-01
7.868627861607819796e-01
7.524193171411752701e-01
7.146679692668840289e-01
7.018819605582393706e-01
6.672469249751884490e-01
6.089309774688445032e-01
5.744417158857686445e-01
5.457164246472530067e-01
5.295461722707841545e-01
5.108680388220818713e-01
5.074013774719787762e-01
4.913025149289751425e-01
4.679569736254052259e-01
4.387716380588244647e-01
4.240180008528113831e-01
4.117345522899995558e-01
3.903360665499349125e-01
3.764382144181581680e-01
3.708359377924352884e-01
3.436449707514839247e-01
3.317847687067114748e-01
3.453265628959343303e-01
3.178151919782976620e-01
3.174977969647443388e-01
3.183810573336813832e-01
2.956515670484805014e-01
2.983675431150913937e-01
2.914783686192095047e-01
2.859570643086044583e-01
2.800054471954354085e-01
2.815451972091977950e-01
2.724287169949093368e-01
2.620118500071839662e-01
2.534080554469255731e-01
2.503506065204419428e-01
2.463909461203002138e-01
2.313531263916956959e-01
2.344600475562401698e-01
2.328081747855321737e-01
2.126440319934772560e-01
2.035819174989228486e-01
2.143552009138147696e-01
2.042540045094938250e-01
2.274082098174403654e-01
2.087190101419764687e-01
2.017113837682700250e-01
2.013075491408926609e-01
1.891994993861771945e-01
1.970998895490083669e-01
1.991633683328473126e-01
1.993384273528135964e-01
2.021411476075627434e-01
1.824380503373959073e-01
1.801985606384732819e-01
1.820705439563425898e-01
1.768957458425575169e-01
1.870927067188858928e-01
1.882837389712221920e-01
1.789621465522941435e-01
1.708722564053459791e-01
1.695334735410369831e-01
1.708541428752141655e-01
1.604151901165096206e-01
1.487732168263846688e-01
1.407637021261507471e-01
1.382549131640189444e-01
1.440317232745655929e-01
1.550081578634490143e-01
1.303883334571764863e-01
1.251703095806533383e-01
1.206869911650301219e-01
1.299227975957819581e-01
1.450405983634937002e-01
1.325658758441932150e-01
1.309571518190750794e-01
1.133970432027808783e-01
1.107278872090091681e-01
1.052274469998621953e-01
1.105198989914697449e-01
1.051467829561261169e-01
1.025162211145698166e-01
1.302350827395457600e-01
1.208152444773986645e-01
1.254111003062234886e-01
1.066679545675128793e-01
8.597630415613366495e-02
8.395598887960886714e-02
8.252152014495095500e-02
7.742334275116036224e-02
6.238098725805230060e-02
7.032901276295433490e-02
8.595105338190478506e-02
5.687324144682293081e-02
4.979979106778387177e-02
4.781767527452984723e-02
7.077927876395051499e-02
5.510244996662549966e-02
5.432736647165370414e-02
7.239242595221639931e-02
6.671091946276419549e-02
1.041371486378466216e-01
7.069259575661135386e-02
4.876233768597160179e-02
4.568669801466285207e-02
4.917866096629097683e-02
5.012828487980414138e-02
4.894778011440337195e-02
4.906665393897924332e-02
5.213608826062454682e-02
1.112044803036269514e-01
6.824811503130945312e-02
5.070036232973507140e-02
5.010393122242362551e-02
4.701932852429280274e-02
5.022321193833079178e-02
4.750361871622033050e-02
4.623103984303611469e-02
4.610641227017708843e-02
1.413906642448523598e-01
7.194788675826657709e-02
4.271363515822201862e-02
4.466392342730785003e-02
4.189001236399292338e-02
4.442236609912697531e-02
5.023365799911516660e-02
5.527439101228992513e-02
9.157966147006391111e-02
6.234296777982706317e-02
6.209145148041272932e-02
5.010042615250398512e-02
4.447016118302826726e-02
4.409144059745528921e-02
4.655946582449388416e-02
4.656286161616662866e-02
4.914954459313491952e-02
8.073331508782644050e-02
7.216971444981368222e-02
6.244117555506534245e-02
6.386246997024613847e-02
4.473155236566128679e-02
4.504642314309847961e-02
4.488859695531743910e-02
4.430244557450180309e-02
4.815317775125294020e-02
6.103573224537228725e-02
7.714995276545266734e-02
6.424902287609768337e-02
5.139553286494447093e-02
4.515106490583065124e-02
4.304079314188058447e-02
4.270247024073370312e-02
4.765811693865096288e-02
8.232557223873016028e-02
5.823243035024461278e-02
6.693729236106094049e-02
4.469985225866679457e-02
4.440350494603961806e-02
4.475290617108385050e-02
4.824170789349579991e-02
5.316454159289918380e-02
7.556181324402189148e-02
7.836415455889778059e-02
4.720311852316072532e-02
5.805810269779954069e-02
4.734589467525651685e-02
4.257315064499067603e-02
4.248098904088948302e-02
4.330482298421856058e-02
7.957812468814751128e-02
9.373270107209918933e-02
4.958202907881315014e-02
